3 0.05 0.24453125 0.0984375 0.20703125
3 0.04453125 0.071875 0.0890625 0.14375
3 0.13828125 0.08359375 0.0921875 0.1671875
3 0.178125 0.2640625 0.06953125 0.16796875
3 0.084375 0.41328125 0.046875 0.059375
3 0.02890625 0.55859375 0.0578125 0.1609375
3 0.01015625 0.675 0.0203125 0.10859375
3 0.13125 0.66875 0.071875 0.1125
3 0.11640625 0.5515625 0.10625 0.14296875
3 0.221875 0.5484375 0.0375 0.0515625
3 0.2203125 0.49453125 0.03359375 0.05390625
3 0.34765625 0.58984375 0.1203125 0.16171875
3 0.365625 0.4484375 0.090625 0.134375
3 0.2421875 0.4203125 0.034375 0.09375
3 0.24921875 0.09765625 0.0828125 0.1953125
3 0.3671875 0.11875 0.08125 0.23515625
3 0.41015625 0.28046875 0.084375 0.1640625
3 0.29609375 0.2859375 0.08203125 0.1734375
3 0.47265625 0.13125 0.0953125 0.2625
3 0.528125 0.24375 0.0625 0.11640625
3 0.54453125 0.34296875 0.05546875 0.1296875
3 0.53359375 0.46875 0.0734375 0.18203125
3 0.58359375 0.62890625 0.09609375 0.265625
3 0.69609375 0.61796875 0.1046875 0.24140625
3 0.83046875 0.48984375 0.1265625 0.18203125
3 0.83828125 0.65234375 0.0859375 0.1796875
3 0.84453125 0.103125 0.07890625 0.11953125
3 0.77265625 0.14921875 0.11875 0.1796875
3 0.621875 0.20703125 0.1125 0.18203125
3 0.61328125 0.06015625 0.1375 0.1203125
3 0.6984375 0.4109375 0.0703125 0.07890625
3 0.9609375 0.2796875 0.07578125 0.15703125
3 0.95625 0.45 0.0828125 0.153125
3 0.9515625 0.56953125 0.090625 0.12265625
3 0.95703125 0.71484375 0.08515625 0.1796875
3 0.74453125 0.0375 0.0640625 0.075