3 0.10859375 0.42265625 0.0578125 0.034375
3 0.021875 0.43984375 0.04296875 0.03828125
3 0.0109375 0.4734375 0.021875 0.021875
3 0.025 0.40234375 0.03203125 0.01953125
3 0.21015625 0.384375 0.04375 0.01796875
3 0.24765625 0.359375 0.05078125 0.01953125
3 0.28828125 0.340625 0.0390625 0.01640625
3 0.16171875 0.29453125 0.03203125 0.01484375
3 0.34140625 0.31875 0.05625 0.01875
3 0.3390625 0.29765625 0.0640625 0.01875
3 0.3921875 0.29140625 0.03125 0.01484375
3 0.3125 0.21875 0.05078125 0.01796875
3 0.4875 0.2375 0.065625 0.0265625
3 0.3953125 0.14765625 0.04296875 0.0171875
3 0.4265625 0.17421875 0.04609375 0.025
3 0.5796875 0.15703125 0.0640625 0.02109375
3 0.6671875 0.14765625 0.05625 0.028125
3 0.49296875 0.0953125 0.03515625 0.0171875
3 0.52578125 0.08359375 0.04453125 0.01953125
3 0.509375 0.05859375 0.0578125 0.01484375
3 0.575 0.0625 0.03046875 0.0140625
3 0.39609375 0.02734375 0.04296875 0.021875
3 0.47421875 0.19375 0.03828125 0.02421875
3 0.5109375 0.20546875 0.0671875 0.0203125
3 0.546875 0.18828125 0.0421875 0.0203125
3 0.253125 0.3078125 0.03203125 0.01328125
3 0.44609375 0.12578125 0.03203125 0.0140625
3 0.38359375 0.165625 0.040625 0.01484375
3 0.50625 0.1203125 0.0359375 0.0203125
3 0.61640625 0.01640625 0.0296875 0.0125
3 0.60078125 0.040625 0.03515625 0.0109375