3 0.19296875 0.85546875 0.06328125 0.0671875
3 0.17265625 0.7859375 0.05 0.07578125
3 0.08984375 0.68203125 0.046875 0.046875
3 0.03046875 0.68671875 0.053125 0.05390625
3 0.28359375 0.6328125 0.04453125 0.0390625
3 0.23125 0.60625 0.03984375 0.03515625
3 0.04375 0.60390625 0.06875 0.06328125
3 0.0953125 0.6203125 0.03515625 0.0578125
3 0.2578125 0.8328125 0.04375 0.0921875
3 0.653125 0.815625 0.07734375 0.0390625
3 0.7859375 0.68046875 0.0328125 0.04453125
3 0.6734375 0.63984375 0.04140625 0.0390625
3 0.70546875 0.70625 0.03203125 0.03984375
3 0.62265625 0.665625 0.04140625 0.03984375
3 0.6609375 0.73046875 0.04375 0.0453125
3 0.553125 0.6703125 0.0390625 0.04921875
3 0.14609375 0.5578125 0.03046875 0.04296875
3 0.1953125 0.53828125 0.02109375 0.03203125
3 0.3578125 0.59296875 0.0296875 0.05859375
3 0.74453125 0.67109375 0.03203125 0.040625
3 0.55390625 0.63359375 0.05 0.04375
3 0.6078125 0.7734375 0.07421875 0.06015625