3 0.165625 0.56015625 0.14609375 0.12109375
3 0.15859375 0.43359375 0.10546875 0.13203125
3 0.24296875 0.40859375 0.11015625 0.12109375
3 0.2546875 0.46640625 0.1140625 0.1234375
3 0.11328125 0.1421875 0.05234375 0.071875
3 0.0578125 0.15625 0.0765625 0.08984375
3 0.0328125 0.37265625 0.0625 0.153125
3 0.028125 0.53671875 0.05625 0.2125
3 0.209375 0.265625 0.07109375 0.05390625
3 0.14375 0.2234375 0.090625 0.08125
3 0.2984375 0.196875 0.11640625 0.0890625
3 0.271875 0.28359375 0.10390625 0.1046875
3 0.2796875 0.1109375 0.090625 0.10546875
3 0.484375 0.31328125 0.08671875 0.1171875
3 0.55625 0.4125 0.12265625 0.1421875
3 0.571875 0.4921875 0.1265625 0.15234375
3 0.61875 0.375 0.08828125 0.178125
3 0.72734375 0.346875 0.10390625 0.1546875
3 0.6796875 0.31328125 0.1 0.121875
3 0.57890625 0.15546875 0.0921875 0.10390625
3 0.70390625 0.1921875 0.06484375 0.075
3 0.778125 0.215625 0.0671875 0.0796875
3 0.86484375 0.23046875 0.07890625 0.06875
3 0.81875 0.18203125 0.05 0.06171875
3 0.9515625 0.2359375 0.08671875 0.075
3 0.9546875 0.446875 0.08828125 0.12421875
3 0.95859375 0.54140625 0.0828125 0.13515625
3 0.95859375 0.665625 0.0828125 0.16328125
3 0.8546875 0.58203125 0.07578125 0.109375
3 0.74375 0.5859375 0.08125 0.11484375
3 0.75859375 0.51953125 0.05078125 0.0734375
3 0.6671875 0.5953125 0.146875 0.2
3 0.78828125 0.6984375 0.11015625 0.12734375
3 0.903125 0.775 0.15703125 0.18125
3 0.84921875 0.3765625 0.07265625 0.125
3 0.9234375 0.35703125 0.1171875 0.11953125
3 0.78203125 0.32109375 0.08046875 0.1125
3 0.1984375 0.1109375 0.06953125 0.096875
3 0.153125 0.12734375 0.0578125 0.07578125
3 0.040625 0.246875 0.0484375 0.08125
3 0.090625 0.41015625 0.053125 0.0859375
3 0.35078125 0.10234375 0.05625 0.07421875
3 0.525 0.1546875 0.05859375 0.071875
3 0.6390625 0.1734375 0.05078125 0.07265625
3 0.75390625 0.4453125 0.04921875 0.06171875
3 0.8671875 0.48359375 0.07890625 0.0984375