3 0.50546875 0.8625 0.09140625 0.0453125
3 0.9 0.96328125 0.11015625 0.0359375
3 0.76875 0.84921875 0.07890625 0.03203125
3 0.4359375 0.92734375 0.05234375 0.0296875
3 0.48828125 0.89765625 0.08046875 0.028125
3 0.625 0.59140625 0.0515625 0.02734375
3 0.8859375 0.55 0.0625 0.03359375
3 0.9015625 0.50625 0.0546875 0.02265625
3 0.94375 0.5046875 0.040625 0.028125
3 0.80390625 0.6625 0.06328125 0.021875
3 0.96953125 0.98984375 0.04765625 0.01953125
3 0.97890625 0.93671875 0.04140625 0.0296875
3 0.965625 0.715625 0.04140625 0.01875
3 0.91484375 0.47578125 0.06796875 0.02109375
3 0.9359375 0.42421875 0.1078125 0.02421875
3 0.96640625 0.37265625 0.0671875 0.0703125
3 0.65546875 0.2640625 0.07734375 0.02578125
3 0.08984375 0.340625 0.17421875 0.053125
3 0.04296875 0.284375 0.08515625 0.02734375
3 0.0484375 0.23125 0.096875 0.0375
3 0.3796875 0.2 0.07890625 0.0421875
3 0.509375 0.22421875 0.13046875 0.07109375
3 0.6109375 0.06171875 0.45 0.0796875
3 0.17265625 0.09453125 0.12890625 0.0484375
3 0.0703125 0.09453125 0.08671875 0.0484375
3 0.0796875 0.11640625 0.159375 0.04921875
3 0.1109375 0.0453125 0.2125 0.04609375
3 0.64765625 0.1265625 0.2421875 0.07109375
3 0.93984375 0.13203125 0.1171875 0.0578125
3 0.18984375 0.28125 0.1578125 0.0734375
3 0.2578125 0.240625 0.09609375 0.0421875
3 0.36953125 0.3171875 0.253125 0.05234375
3 0.2921875 0.109375 0.0953125 0.04140625
3 0.95234375 0.05703125 0.05390625 0.02890625
3 0.7578125 0.2765625 0.05625 0.03671875
3 0.80546875 0.28125 0.07734375 0.03125
3 0.9296875 0.26328125 0.09921875 0.0265625