3 0.38203125 0.17734375 0.1 0.15078125
3 0.28046875 0.1671875 0.11015625 0.15859375
3 0.17421875 0.15390625 0.11171875 0.14765625
3 0.0703125 0.15859375 0.1125 0.15
3 0.11328125 0.32734375 0.1234375 0.184375
3 0.23203125 0.3296875 0.11796875 0.1765625
3 0.30390625 0.871875 0.221875 0.25625
3 0.33125 0.65625 0.153125 0.22890625
3 0.353125 0.47578125 0.13515625 0.17109375
3 0.34140625 0.35625 0.1265625 0.175
3 0.60078125 0.32421875 0.1203125 0.1984375
3 0.72578125 0.325 0.11328125 0.190625
3 0.84140625 0.3203125 0.11171875 0.17578125
3 0.6859375 0.5765625 0.13828125 0.22578125
3 0.71796875 0.7890625 0.178125 0.3125
3 0.75 0.93828125 0.171875 0.121875
3 0.790625 0.53359375 0.15546875 0.2140625
3 0.92734375 0.5203125 0.140625 0.2140625
3 0.9421875 0.32421875 0.11484375 0.19765625
3 0.09375 0.75546875 0.05625 0.1
3 0.0578125 0.90703125 0.06640625 0.1640625