3 0.3078125 0.896875 0.06875 0.13671875
3 0.53828125 0.88203125 0.35 0.21015625
3 0.840625 0.859375 0.28984375 0.22890625
3 0.8734375 0.55859375 0.17890625 0.17265625
3 0.72265625 0.5578125 0.23359375 0.22421875
3 0.48515625 0.61171875 0.159375 0.14140625
3 0.37265625 0.61796875 0.0703125 0.1640625
3 0.27578125 0.63046875 0.1328125 0.16875
3 0.171875 0.6265625 0.0875 0.1484375
3 0.04140625 0.5921875 0.0828125 0.196875
3 0.8171875 0.446875 0.18359375 0.12890625
3 0.63515625 0.32734375 0.0640625 0.33359375
3 0.79609375 0.29765625 0.1359375 0.24453125
3 0.478125 0.42109375 0.078125 0.1265625
3 0.409375 0.4125 0.06796875 0.125
3 0.34140625 0.4046875 0.0703125 0.14296875
3 0.27265625 0.4265625 0.0859375 0.09921875
3 0.3764712625 0.055877228125 0.16579197031249998 0.28279821875 0.1620535515625 0.2821428578125 0.17025551562500002 0.3589675546875 0.21578365625 0.3669018546875 0.402359834375 0.0907881640625 0.3764712625 0.055877228125
3 0.334375 0.31796875 0.0921875 0.14609375
3 0.51015625 0.26875 0.078125 0.24375
3 0.3796875 0.22265625 0.128125 0.20625
3 0.08125 0.375 0.1625 0.178125
3 0.6285714078125 0.1154761921875 0.6451766343750001 0.2526479109375 0.7853319078125 0.24788734375 0.76926325625 0.139980834375 0.6285714078125 0.1154761921875
3 0.5246609296875 0.07968013125 0.4087053375 0.0777777796875 0.4121796203125 0.14791513437499998 0.5603692875 0.1637837359375 0.5657255265625001 0.113004259375 0.5246609296875 0.07968013125
3 0.229174290625 0.0257269515625 0.0006407875 0.1701311703125 0.006889756249999999 0.2351924140625 0.0381345671875 0.24947417968750002 0.2577409484375 0.07809329375 0.229174290625 0.0257269515625