3 0.3609375 0.72265625 0.1140625 0.15625
3 0.2171875 0.73984375 0.10546875 0.16484375
3 0.0890625 0.71796875 0.125 0.11015625
3 0.3984375 0.584375 0.0953125 0.0984375
3 0.43359375 0.43984375 0.08515625 0.09453125
3 0.675 0.865625 0.1859375 0.15625
3 0.62265625 0.7359375 0.159375 0.13984375
3 0.59921875 0.628125 0.11875 0.09296875
3 0.134375 0.940625 0.1265625 0.11875
3 0.62421875 0.4 0.14765625 0.140625
3 0.5921875 0.55703125 0.13125 0.10078125
3 0.13125 0.4078125 0.1171875 0.09609375
3 0.065625 0.57734375 0.10546875 0.14375