3 0.8046875 0.93984375 0.10234375 0.1203125
3 0.2015625 0.93984375 0.07578125 0.10078125
3 0.05703125 0.73125 0.1140625 0.128125
3 0.1625 0.578125 0.0703125 0.103125
3 0.0734375 0.54453125 0.084375 0.090625
3 0.14140625 0.41953125 0.0796875 0.07265625
3 0.08359375 0.3734375 0.1078125 0.10859375
3 0.76796875 0.6421875 0.128125 0.08671875
3 0.2421875 0.634375 0.1 0.08828125
3 0.271875 0.7609375 0.0796875 0.1109375
3 0.31796875 0.9 0.08359375 0.12578125
3 0.0375 0.95625 0.06796875 0.0875
3 0.146875 0.84765625 0.046875 0.08515625
3 0.14296875 0.68203125 0.04609375 0.0703125
3 0.60625 0.59765625 0.04921875 0.05859375