3 0.19453125 0.8734375 0.09453125 0.13984375
3 0.0984375 0.91171875 0.13125 0.13828125
3 0.7546875 0.48984375 0.14765625 0.15
3 0.3453125 0.48671875 0.1921875 0.175
3 0.1390625 0.45546875 0.10703125 0.1109375
3 0.21640625 0.48046875 0.103125 0.11484375
3 0.12265625 0.7046875 0.2453125 0.225
3 0.38515625 0.28125 0.0859375 0.10390625
3 0.18125 0.35546875 0.06875 0.0890625
3 0.609375 0.4359375 0.128125 0.16015625
3 0.30625 0.7359375 0.11015625 0.1375
3 0.42890625 0.82890625 0.12265625 0.14921875
3 0.49765625 0.70625 0.1234375 0.12265625
3 0.84765625 0.20078125 0.05390625 0.08046875
3 0.62890625 0.13984375 0.10078125 0.10234375
3 0.753125 0.1546875 0.13359375 0.09140625
3 0.05390625 0.115625 0.1078125 0.1125
3 0.03828125 0.3171875 0.0765625 0.15546875
3 0.0421875 0.43671875 0.084375 0.14765625