3 0.20625 0.53046875 0.29375 0.09140625
3 0.0328125 0.48984375 0.065625 0.1765625
3 0.4140625 0.5109375 0.0890625 0.0796875
3 0.5078125 0.51484375 0.11015625 0.07578125
3 0.4109375 0.43671875 0.1078125 0.065625
3 0.2984375 0.43828125 0.10234375 0.08515625
3 0.20234375 0.45078125 0.06171875 0.05546875
3 0.54609375 0.41171875 0.16171875 0.05703125
3 0.52734375 0.44453125 0.07890625 0.06015625
3 0.3609375 0.35625 0.08203125 0.06171875
3 0.5203125 0.34453125 0.19765625 0.0875
3 0.70078125 0.440625 0.10546875 0.090625
3 0.77265625 0.64140625 0.11484375 0.11015625
3 0.68984375 0.5203125 0.10546875 0.10625
3 0.81796875 0.61015625 0.14296875 0.15546875
3 0.78046875 0.51640625 0.1046875 0.09375
3 0.9203125 0.57109375 0.0859375 0.08828125
3 0.96328125 0.63671875 0.0734375 0.103125
3 0.95078125 0.521875 0.065625 0.0609375
3 0.8265625 0.40078125 0.0875 0.075
3 0.19375 0.36953125 0.07421875 0.0546875
3 0.203125 0.32578125 0.11484375 0.05859375
3 0.28515625 0.2671875 0.12734375 0.06953125
3 0.50390625 0.29609375 0.1109375 0.05859375
3 0.48828125 0.2484375 0.08671875 0.0515625
3 0.0828125 0.35625 0.0796875 0.0484375
3 0.76015625 0.353125 0.08984375 0.07421875
3 0.9359375 0.44140625 0.07421875 0.0671875
3 0.17421875 0.1828125 0.0625 0.0796875