3 0.1859375 0.0828125 0.07734375 0.059375
3 0.10859375 0.8546875 0.07578125 0.06875
3 0.1 0.79140625 0.05859375 0.07421875
3 0.1171875 0.75078125 0.06484375 0.0640625
3 0.20703125 0.94765625 0.07265625 0.1046875
3 0.2109375 0.78828125 0.0734375 0.0921875
3 0.140625 0.71875 0.0734375 0.065625
3 0.1859375 0.74765625 0.0515625 0.06484375
3 0.25859375 0.71953125 0.04375 0.0828125
3 0.2890625 0.72890625 0.06015625 0.06328125
3 0.2390625 0.64453125 0.0515625 0.0703125
3 0.25859375 0.48828125 0.059375 0.06484375
3 0.35 0.46640625 0.0671875 0.0578125
3 0.4 0.39375 0.09921875 0.06328125
3 0.38515625 0.4984375 0.065625 0.07109375
3 0.4375 0.2734375 0.04921875 0.046875
3 0.48984375 0.1890625 0.04453125 0.05
3 0.43359375 0.13828125 0.04140625 0.04921875