3 0.06171875 0.90546875 0.115625 0.1890625
3 0.2390625 0.86953125 0.2515625 0.2234375
3 0.31015625 0.62890625 0.17734375 0.2265625
3 0.159375 0.55546875 0.31796875 0.3640625
3 0.3640625 0.4296875 0.25859375 0.24453125
3 0.17890625 0.35703125 0.115625 0.1390625
3 0.04453125 0.39375 0.065625 0.1
3 0.403125 0.2265625 0.1109375 0.13203125
3 0.32421875 0.2359375 0.09375 0.1125
3 0.31171875 0.14375 0.071875 0.07890625
3 0.63203125 0.10078125 0.275 0.19296875
3 0.56171875 0.29609375 0.09453125 0.11796875
3 0.6890625 0.33203125 0.08359375 0.1359375
3 0.7828125 0.34453125 0.09609375 0.1109375
3 0.9046875 0.34609375 0.1171875 0.1171875
3 0.796875 0.58515625 0.0859375 0.19296875
3 0.67109375 0.540625 0.11015625 0.1625
3 0.51796875 0.55703125 0.184375 0.3359375
3 0.9515625 0.628125 0.08984375 0.18515625
3 0.62109375 0.9265625 0.17890625 0.14609375
3 0.9375 0.1234375 0.12421875 0.24140625