3 0.8015625 0.70390625 0.12734375 0.1984375
3 0.60390625 0.603125 0.1875 0.2171875
3 0.48515625 0.80625 0.18828125 0.23828125
3 0.64140625 0.915625 0.15546875 0.16875
3 0.1859375 0.67890625 0.34609375 0.3375
3 0.66484375 0.50234375 0.10625 0.1078125
3 0.43671875 0.525 0.16015625 0.15078125
3 0.31171875 0.48046875 0.1265625 0.11796875
3 0.11796875 0.4125 0.10546875 0.10078125
3 0.8734375 0.584375 0.253125 0.184375
3 0.73203125 0.47734375 0.07109375 0.09375
3 0.45078125 0.4375 0.078125 0.0640625
3 0.36171875 0.39296875 0.11484375 0.08828125
3 0.79921875 0.39921875 0.0828125 0.115625
3 0.63515625 0.3328125 0.1546875 0.146875
3 0.4234375 0.3046875 0.09140625 0.0921875
3 0.1875 0.34453125 0.1125 0.090625
3 0.92109375 0.371875 0.14921875 0.11328125
3 0.7375 0.3515625 0.08984375 0.1703125