3 0.35234375 0.45078125 0.09921875 0.2734375
3 0.56484375 0.59609375 0.115625 0.2453125
3 0.69921875 0.5984375 0.09921875 0.2453125
3 0.21875 0.43203125 0.103125 0.19921875
3 0.13125 0.37578125 0.08671875 0.1890625
3 0.04765625 0.2921875 0.0953125 0.1734375
3 0.90625 0.50390625 0.1578125 0.13828125
3 0.8625 0.353125 0.1859375 0.13671875
3 0.81171875 0.23203125 0.165625 0.1171875
3 0.76640625 0.13828125 0.12890625 0.1109375
3 0.73515625 0.05625 0.1109375 0.1078125
3 0.37421875 0.109375 0.115625 0.178125
3 0.26796875 0.06875 0.11484375 0.1375
3 0.55234375 0.83046875 0.12734375 0.22734375