3 0.30546875 0.740625 0.1546875 0.271875
3 0.2390625 0.57890625 0.159375 0.09453125
3 0.2 0.49375 0.12578125 0.09921875
3 0.153125 0.41875 0.0984375 0.15
3 0.07578125 0.6078125 0.10703125 0.13046875
3 0.0546875 0.81875 0.109375 0.178125
3 0.2078125 0.75859375 0.13125 0.22734375
3 0.11484375 0.71953125 0.1265625 0.14375
3 0.50390625 0.6515625 0.14453125 0.21171875
3 0.58515625 0.64453125 0.1109375 0.17734375
3 0.4140625 0.41875 0.1109375 0.1375
3 0.38515625 0.34765625 0.1125 0.11953125
3 0.36015625 0.2765625 0.14765625 0.09765625
3 0.15703125 0.17109375 0.07734375 0.11484375
3 0.0265625 0.1828125 0.053125 0.1125
3 0.08125 0.16796875 0.07578125 0.0734375
3 0.03671875 0.2921875 0.065625 0.11484375
3 0.5546875 0.30859375 0.1078125 0.090625
3 0.65703125 0.44375 0.1453125 0.1625
3 0.6984375 0.3828125 0.1 0.1046875
3 0.934375 0.28046875 0.11015625 0.08359375
3 0.8328125 0.33203125 0.140625 0.13046875
3 0.6796875 0.26953125 0.10859375 0.12734375
3 0.5234375 0.1515625 0.09453125 0.06171875
3 0.17890625 0.28203125 0.07578125 0.09765625
3 0.06640625 0.4015625 0.071875 0.07421875
3 0.86171875 0.89609375 0.2203125 0.2078125
3 0.94453125 0.89765625 0.1109375 0.2046875
3 0.77734375 0.5515625 0.16484375 0.21171875
3 0.66015625 0.571875 0.146875 0.15625
3 0.52265625 0.5578125 0.0921875 0.08828125
3 0.56484375 0.5171875 0.115625 0.12109375
3 0.475 0.5109375 0.146875 0.1078125
3 0.515625 0.42578125 0.0921875 0.1046875