3 0.6546875 0.96015625 0.09453125 0.0796875
3 0.93046875 0.6390625 0.1265625 0.125
3 0.78046875 0.55546875 0.15859375 0.13984375
3 0.07421875 0.45234375 0.115625 0.0875
3 0.09921875 0.3875 0.12734375 0.0671875
3 0.446875 0.4578125 0.07109375 0.07578125
3 0.67265625 0.48125 0.0984375 0.07421875
3 0.6765625 0.396875 0.11484375 0.06015625
3 0.48515625 0.3953125 0.22421875 0.07265625
3 0.23671875 0.40234375 0.08046875 0.0734375
3 0.96484375 0.53515625 0.0703125 0.06875
3 0.8609375 0.50546875 0.13671875 0.08984375