3 0.91875 0.90625 0.16171875 0.18671875
3 0.2203125 0.8 0.20546875 0.17265625
3 0.10390625 0.63203125 0.2078125 0.1546875
3 0.0640625 0.81171875 0.12734375 0.1734375
3 0.065625 0.534375 0.12265625 0.09375
3 0.15625 0.53203125 0.0859375 0.0765625
3 0.28515625 0.6109375 0.121875 0.1375
3 0.346875 0.5078125 0.2328125 0.08828125
3 0.51953125 0.82890625 0.18046875 0.19453125
3 0.459375 0.7265625 0.08984375 0.11953125
3 0.69140625 0.78203125 0.19609375 0.19140625
3 0.5859375 0.62109375 0.12265625 0.15390625
3 0.790625 0.66875 0.18203125 0.15234375
3 0.73828125 0.60703125 0.125 0.09609375
3 0.9484375 0.7640625 0.103125 0.140625
3 0.91796875 0.5484375 0.10078125 0.08125
3 0.7578125 0.484375 0.12578125 0.09375
3 0.084375 0.25390625 0.16875 0.11015625
3 0.35 0.215625 0.0984375 0.06328125
3 0.4390625 0.378125 0.1046875 0.084375
3 0.34296875 0.37109375 0.1015625 0.0484375
3 0.25546875 0.4125 0.06484375 0.06796875
3 0.203125 0.40546875 0.075 0.1171875
3 0.121875 0.42109375 0.13828125 0.11953125
3 0.21171875 0.4953125 0.0484375 0.0671875
3 0.54609375 0.53203125 0.06875 0.06015625
3 0.6328125 0.5625 0.0890625 0.090625
3 0.68671875 0.37421875 0.134375 0.08671875
3 0.54375 0.3078125 0.05703125 0.02890625
3 0.5390625 0.28359375 0.0609375 0.02890625
3 0.33125 0.2921875 0.046875 0.03828125
3 0.3984375 0.29375 0.05546875 0.05546875
3 0.20625 0.2640625 0.0671875 0.0421875
3 0.59453125 0.2875 0.05234375 0.0625
3 0.946875 0.46953125 0.07265625 0.04140625
3 0.55546875 0.4109375 0.09296875 0.0796875