3 0.58125 0.77890625 0.2640625 0.31796875
3 0.49140625 0.528125 0.23203125 0.23125
3 0.17421875 0.67421875 0.3484375 0.3859375
3 0.80859375 0.628125 0.3125 0.25625
3 0.6203125 0.41953125 0.1734375 0.1515625
3 0.39453125 0.303125 0.20625 0.125
3 0.4125 0.4046875 0.1484375 0.16875
3 0.0875 0.21484375 0.16171875 0.1328125
3 0.165625 0.184375 0.10703125 0.1
3 0.06484375 0.08671875 0.08203125 0.09921875
3 0.0890625 0.51015625 0.16796875 0.1578125
3 0.08828125 0.3953125 0.14453125 0.134375
3 0.21953125 0.39453125 0.184375 0.23359375
3 0.3796875 0.19609375 0.13359375 0.12109375
3 0.2609375 0.103125 0.2515625 0.15390625
3 0.57890625 0.33828125 0.18125 0.10546875
3 0.54140625 0.24609375 0.09375 0.1015625
3 0.465625 0.18828125 0.0953125 0.10234375
3 0.7703125 0.38828125 0.1734375 0.1359375
3 0.8828125 0.31953125 0.1640625 0.1546875
3 0.69140625 0.20546875 0.08828125 0.10546875
3 0.815625 0.22421875 0.1390625 0.1203125