3 0.909375 0.7796875 0.18046875 0.18125
3 0.8 0.6515625 0.1234375 0.13359375
3 0.68984375 0.6625 0.1578125 0.146875
3 0.784375 0.79453125 0.15 0.246875
3 0.57734375 0.78984375 0.1828125 0.23515625
3 0.3671875 0.6671875 0.2109375 0.140625
3 0.51953125 0.61484375 0.1640625 0.11953125
3 0.425 0.53046875 0.12734375 0.08359375
3 0.60078125 0.51953125 0.17578125 0.1390625
3 0.0921875 0.70703125 0.159375 0.13203125
3 0.14921875 0.5546875 0.1296875 0.0984375
3 0.86171875 0.54609375 0.13046875 0.10859375
3 0.69453125 0.434375 0.075 0.078125
3 0.76796875 0.40390625 0.0890625 0.0765625
3 0.26796875 0.39140625 0.09375 0.06640625
3 0.09453125 0.39296875 0.09453125 0.0765625
3 0.05625 0.4734375 0.0515625 0.053125
3 0.56875 0.39296875 0.09375 0.096875
3 0.27109375 0.32734375 0.10234375 0.06171875
3 0.478125 0.91171875 0.21328125 0.1671875