3 0.31484375 0.7265625 0.0703125 0.08359375
3 0.06953125 0.5171875 0.06171875 0.059375
3 0.0421875 0.48671875 0.05703125 0.075
3 0.01953125 0.4609375 0.0390625 0.06484375
3 0.75859375 0.253125 0.075 0.0796875
3 0.37109375 0.71953125 0.04765625 0.0703125
3 0.21953125 0.38671875 0.05703125 0.05859375
3 0.26953125 0.3046875 0.04375 0.05234375
3 0.48984375 0.853125 0.09453125 0.1
3 0.434375 0.7859375 0.05234375 0.05625
3 0.371875 0.34375 0.03203125 0.05078125
3 0.5375 0.32265625 0.05546875 0.04765625
3 0.80546875 0.190625 0.0671875 0.09609375
3 0.4 0.23984375 0.04921875 0.040625
3 0.45 0.26640625 0.04765625 0.065625
3 0.48046875 0.2984375 0.028125 0.05703125
3 0.1109375 0.1765625 0.09296875 0.0703125
3 0.52890625 0.471875 0.06328125 0.06171875