3 0.28984375 0.61484375 0.265625 0.2359375
3 0.10703125 0.58671875 0.2140625 0.27109375
3 0.999954884375 0.6274536171875 0.9819290781250001 0.420179559375 0.6370191968750001 0.8154296890625 0.6319270484375 0.927850821875 0.7941597734375 0.99544019375 0.999954884375 0.6274536171875
3 0.63203125 0.46015625 0.27890625 0.26953125
3 0.28359375 0.42265625 0.16484375 0.17578125
3 0.0796875 0.39609375 0.10625 0.14453125
3 0.17890625 0.32421875 0.13046875 0.14453125
3 0.496875 0.3203125 0.159375 0.175
3 0.7953125 0.40078125 0.24921875 0.240625
3 0.90859375 0.26484375 0.17109375 0.1453125
3 0.7375 0.19453125 0.20390625 0.1859375
3 0.65 0.2828125 0.19140625 0.18203125
3 0.3515625 0.1765625 0.2328125 0.18671875
3 0.090625 0.17890625 0.0828125 0.109375
3 0.44765625 0.1171875 0.2265625 0.21171875
3 0.60078125 0.08515625 0.09609375 0.13203125
3 0.21953125 0.0671875 0.2875 0.134375
3 0.89609375 0.05625 0.2078125 0.1125
3 0.92734375 0.15546875 0.1453125 0.1046875