3 0.30390625 0.7890625 0.1078125 0.08984375
3 0.27109375 0.67421875 0.10546875 0.1
3 0.24375 0.57421875 0.06953125 0.0890625
3 0.38984375 0.5625 0.10234375 0.14765625
3 0.421875 0.7671875 0.09765625 0.10078125
3 0.534375 0.93671875 0.125 0.103125
3 0.4015625 0.93046875 0.084375 0.096875
3 0.53203125 0.54140625 0.12265625 0.1140625
3 0.5296875 0.4484375 0.1296875 0.0625
3 0.6921875 0.271875 0.0828125 0.0671875
3 0.64296875 0.13828125 0.0921875 0.05625
3 0.65390625 0.09296875 0.07734375 0.034375
3 0.4765625 0.37421875 0.1171875 0.1078125
3 0.45078125 0.2734375 0.0359375 0.10625