3 0.94609375 0.78359375 0.1078125 0.2390625
3 0.4734375 0.62890625 0.1296875 0.20546875
3 0.3171875 0.44375 0.1109375 0.16875
3 0.0515625 0.48984375 0.0984375 0.1203125
3 0.0609375 0.71875 0.121875 0.3125
3 0.02421875 0.57265625 0.003125 0.0359375
3 0.10234375 0.58203125 0.04296875 0.0546875
3 0.09921875 0.56171875 0.09609375 0.1109375
3 0.17109375 0.47578125 0.1 0.1421875
3 0.2703125 0.61328125 0.08984375 0.1015625
3 0.7625 0.51953125 0.1265625 0.18671875
3 0.67578125 0.4484375 0.096875 0.11875
3 0.63203125 0.38125 0.06875 0.08515625
3 0.8390625 0.43984375 0.2046875 0.2078125
3 0.9234375 0.4046875 0.1046875 0.125
3 0.9515625 0.36640625 0.096875 0.1390625
3 0.7890625 0.346875 0.0734375 0.071875
3 0.2390625 0.28828125 0.08984375 0.0796875
3 0.18984375 0.25234375 0.075 0.0828125
3 0.24609375 0.22109375 0.109375 0.0984375
3 0.1375 0.18515625 0.10546875 0.0890625
3 0.3671875 0.68828125 0.1484375 0.2546875