3 0.23359375 0.9765625 0.0640625 0.046875
3 0.225 0.94765625 0.06484375 0.053125
3 0.2203125 0.91640625 0.06796875 0.05
3 0.0890625 0.9109375 0.0609375 0.065625
3 0.2125 0.85 0.05546875 0.05546875
3 0.5078125 0.97890625 0.071875 0.0421875
3 0.5875 0.95625 0.08125 0.0875
3 0.49140625 0.946875 0.05 0.05234375
3 0.4828125 0.89609375 0.05703125 0.084375
3 0.55859375 0.909375 0.03515625 0.0484375
3 0.55 0.87578125 0.040625 0.05859375
3 0.5328125 0.8265625 0.04765625 0.05703125
3 0.4765625 0.78046875 0.05078125 0.05546875
3 0.6640625 0.7375 0.04296875 0.078125
3 0.68359375 0.76484375 0.053125 0.053125
3 0.71953125 0.8046875 0.03671875 0.0578125
3 0.7921875 0.90625 0.059375 0.06640625
3 0.83125 0.95234375 0.053125 0.0546875
3 0.859375 0.97890625 0.0734375 0.0421875
3 0.9171875 0.95703125 0.0578125 0.05859375
3 0.8859375 0.9296875 0.06015625 0.06796875
3 0.83359375 0.8609375 0.06328125 0.0484375
3 0.79921875 0.825 0.05625 0.05390625
3 0.77734375 0.79375 0.05078125 0.05
3 0.7421875 0.765625 0.065625 0.06328125
3 0.8453125 0.66953125 0.04609375 0.03828125
3 0.88203125 0.74140625 0.059375 0.046875
3 0.87265625 0.6984375 0.040625 0.05
3 0.91875 0.77421875 0.04296875 0.053125
3 0.95703125 0.615625 0.0484375 0.0609375