3 0.58828125 0.66015625 0.11171875 0.17421875
3 0.46953125 0.65625 0.09375 0.140625
3 0.36171875 0.61015625 0.11875 0.12265625
3 0.271875 0.58046875 0.1 0.1421875
3 0.528125 0.93203125 0.1203125 0.1359375
3 0.390625 0.87265625 0.12578125 0.19453125
3 0.26796875 0.8265625 0.1390625 0.20703125
3 0.1796875 0.784375 0.11171875 0.1828125
3 0.87109375 0.76953125 0.1453125 0.14921875
3 0.6484375 0.5453125 0.08203125 0.09765625
3 0.09140625 0.45078125 0.07734375 0.0828125
3 0.29140625 0.3578125 0.08046875 0.08359375
3 0.16171875 0.4140625 0.0671875 0.07578125
3 0.2171875 0.3828125 0.0609375 0.08203125
3 0.7 0.4015625 0.09765625 0.11015625
3 0.67421875 0.47890625 0.10078125 0.1
3 0.8359375 0.56953125 0.096875 0.1078125
3 0.3453125 0.46015625 0.103125 0.08125
3 0.06796875 0.7125 0.1265625 0.18515625