3 0.0953125 0.903125 0.1203125 0.11875
3 0.23828125 0.9125 0.140625 0.14921875
3 0.346875 0.90703125 0.1109375 0.1078125
3 0.3765625 0.8484375 0.14609375 0.12890625
3 0.41640625 0.72265625 0.140625 0.1015625
3 0.46875 0.78203125 0.0734375 0.0796875
3 0.06953125 0.64453125 0.1390625 0.1640625
3 0.1 0.55234375 0.0984375 0.09921875
3 0.09140625 0.4765625 0.11171875 0.10625
3 0.10859375 0.39375 0.103125 0.115625
3 0.35078125 0.6421875 0.115625 0.10390625
3 0.434375 0.6359375 0.0734375 0.103125
3 0.32109375 0.55859375 0.075 0.0859375
3 0.31171875 0.4953125 0.071875 0.084375
3 0.4390625 0.56875 0.1078125 0.06953125
3 0.3171875 0.4375 0.0953125 0.096875
3 0.415625 0.45234375 0.08359375 0.0921875
3 0.41953125 0.38046875 0.1125 0.0734375
3 0.30078125 0.31484375 0.05703125 0.0984375
3 0.346875 0.2875 0.08671875 0.11328125
3 0.04375 0.24609375 0.0875 0.0984375
3 0.18671875 0.103125 0.11875 0.090625
3 0.2546875 0.125 0.08984375 0.09375
3 0.3453125 0.1640625 0.11484375 0.096875
3 0.040625 0.06328125 0.0734375 0.08984375
3 0.09296875 0.0890625 0.09609375 0.084375