3 0.67421875 0.7671875 0.184375 0.16328125
3 0.2203125 0.70703125 0.35859375 0.35234375
3 0.609375 0.58828125 0.11796875 0.14140625
3 0.86640625 0.48125 0.18359375 0.31796875
3 0.43984375 0.54453125 0.07421875 0.1359375
3 0.49296875 0.56171875 0.05625 0.11875
3 0.54375 0.50234375 0.1453125 0.10859375
3 0.2078125 0.18671875 0.1859375 0.1171875
3 0.07734375 0.29140625 0.1546875 0.14921875
3 0.71484375 0.2578125 0.20546875 0.13515625
3 0.45625 0.23828125 0.184375 0.121875
3 0.6515625 0.484375 0.203125 0.140625
3 0.17421875 0.36015625 0.1828125 0.11484375