3 0.13203125 0.83984375 0.14140625 0.20546875
3 0.40625 0.878125 0.14296875 0.178125
3 0.453125 0.81171875 0.14296875 0.2015625
3 0.67578125 0.76953125 0.11640625 0.1828125
3 0.77265625 0.771875 0.13828125 0.17890625
3 0.85390625 0.7421875 0.14765625 0.171875
3 0.7953125 0.9375 0.1609375 0.12421875
3 0.96171875 0.73046875 0.0765625 0.1796875
3 0.95234375 0.61484375 0.0953125 0.0921875
3 0.93359375 0.5546875 0.10390625 0.10390625
3 0.24453125 0.63125 0.22578125 0.19453125
3 0.0515625 0.58046875 0.103125 0.1203125
3 0.684375 0.4703125 0.1609375 0.096875
3 0.490625 0.59921875 0.15546875 0.1234375
3 0.490625 0.53203125 0.18359375 0.0984375
3 0.403125 0.5359375 0.11796875 0.0875
3 0.83046875 0.490625 0.13203125 0.10625
3 0.8640625 0.446875 0.1890625 0.10390625
3 0.44765625 0.45859375 0.109375 0.0578125
3 0.27890625 0.50546875 0.10390625 0.06796875