3 0.76875 0.65 0.053125 0.08671875
3 0.828125 0.63828125 0.090625 0.09453125
3 0.89765625 0.6328125 0.06328125 0.1078125
3 0.9546875 0.62109375 0.07265625 0.0890625
3 0.546875 0.70703125 0.11328125 0.0765625
3 0.54140625 0.65390625 0.09375 0.0765625
3 0.55390625 0.58203125 0.071875 0.0609375
3 0.578125 0.51015625 0.09609375 0.06015625
3 0.7015625 0.63828125 0.0765625 0.1140625
3 0.85859375 0.86875 0.1875 0.13515625
3 0.70859375 0.7765625 0.06875 0.096875
3 0.76875 0.759375 0.05625 0.08359375
3 0.8375 0.7640625 0.06796875 0.08984375
3 0.90234375 0.74375 0.06796875 0.0875
3 0.42109375 0.48515625 0.09453125 0.0703125
3 0.43359375 0.4359375 0.10078125 0.0484375
3 0.34765625 0.75078125 0.125 0.1234375
3 0.53046875 0.94375 0.07578125 0.1015625
3 0.44375 0.95078125 0.053125 0.09765625
3 0.209375 0.584375 0.1421875 0.06328125
3 0.2796875 0.51171875 0.08828125 0.08515625
3 0.27421875 0.44609375 0.103125 0.046875
3 0.275 0.3515625 0.1296875 0.0890625
3 0.421875 0.34140625 0.1 0.07421875
3 0.5015625 0.3671875 0.0546875 0.090625
3 0.58046875 0.39140625 0.071875 0.0859375
3 0.62265625 0.43984375 0.0484375 0.05859375
3 0.06953125 0.71015625 0.1390625 0.1109375
3 0.0875 0.53828125 0.09296875 0.075
3 0.928125 0.5484375 0.0546875 0.059375
3 0.4265625 0.253125 0.0625 0.07578125
3 0.18984375 0.15625 0.26953125 0.08984375