3 0.33515625 0.7703125 0.38125 0.45859375
3 0.06953125 0.49140625 0.1390625 0.1578125
3 0.23203125 0.53359375 0.18984375 0.1484375
3 0.4234375 0.36015625 0.0921875 0.0953125
3 0.2609375 0.30234375 0.1703125 0.1046875
3 0.5546875 0.3625 0.0890625 0.09140625
3 0.75703125 0.36484375 0.15703125 0.13046875
3 0.9578125 0.38828125 0.08359375 0.1046875
3 0.84375 0.37265625 0.12265625 0.1453125
3 0.47109375 0.29609375 0.19453125 0.06796875
3 0.6609375 0.2484375 0.18046875 0.109375
3 0.0953125 0.315625 0.18984375 0.15
3 0.6828125 0.18359375 0.1765625 0.08671875