3 0.16171875 0.65703125 0.1125 0.1140625
3 0.5671875 0.84453125 0.1140625 0.1421875
3 0.4203125 0.7921875 0.08984375 0.11015625
3 0.321875 0.96796875 0.1359375 0.0640625
3 0.53125 0.53515625 0.11171875 0.12421875
3 0.55625 0.45703125 0.14609375 0.1203125
3 0.5890625 0.3625 0.08359375 0.115625
3 0.625 0.23203125 0.1015625 0.11484375
3 0.64296875 0.1421875 0.09765625 0.08125
3 0.67421875 0.08125 0.10625 0.09453125
3 0.79140625 0.265625 0.11640625 0.1125
3 0.8890625 0.58125 0.12421875 0.31015625
3 0.74453125 0.61796875 0.1375 0.1890625
3 0.9265625 0.328125 0.11796875 0.265625
3 0.9578125 0.109375 0.0796875 0.171875
3 0.7125 0.94296875 0.09921875 0.0890625