3 0.6203125 0.44453125 0.10625 0.128125
3 0.1671875 0.19453125 0.06875 0.07578125
3 0.31796875 0.0828125 0.115625 0.11875
3 0.46875 0.16875 0.0796875 0.08671875
3 0.3828125 0.16953125 0.07421875 0.09375
3 0.490625 0.43359375 0.0640625 0.0796875
3 0.5421875 0.12578125 0.14375 0.121875
3 0.36953125 0.25859375 0.0953125 0.10234375
3 0.1015625 0.5796875 0.203125 0.16796875
3 0.41015625 0.59765625 0.121875 0.175
3 0.265625 0.6015625 0.10859375 0.12890625
3 0.84921875 0.3015625 0.14453125 0.1671875
3 0.58515625 0.23828125 0.10625 0.11796875
3 0.69765625 0.2109375 0.09375 0.10859375
3 0.6171875 0.60390625 0.10390625 0.14609375
3 0.084375 0.215625 0.1046875 0.10234375
3 0.0484375 0.12734375 0.08984375 0.0734375