3 0.22578125 0.9203125 0.21640625 0.159375
3 0.4921875 0.82109375 0.1640625 0.19609375
3 0.63671875 0.77109375 0.10078125 0.1078125
3 0.61484375 0.703125 0.08828125 0.078125
3 0.6125 0.90234375 0.0953125 0.1328125
3 0.715625 0.88515625 0.0828125 0.1453125
3 0.76875 0.73359375 0.16171875 0.1703125
3 0.8875 0.86875 0.1140625 0.12265625
3 0.95546875 0.9609375 0.0890625 0.07734375
3 0.87265625 0.959375 0.08125 0.08125
3 0.73046875 0.5578125 0.08125 0.13125
3 0.5078125 0.61328125 0.0859375 0.08046875
3 0.30703125 0.5578125 0.10078125 0.11015625
3 0.559375 0.56875 0.1140625 0.121875
3 0.603125 0.51796875 0.10546875 0.1078125
3 0.96953125 0.665625 0.0609375 0.146875
3 0.9578125 0.82109375 0.08359375 0.1265625
3 0.70546875 0.46875 0.103125 0.08828125
3 0.790625 0.36640625 0.1703125 0.1109375
3 0.69453125 0.109375 0.13125 0.08125
3 0.2546875 0.23046875 0.1453125 0.09609375
3 0.528125 0.409375 0.11796875 0.084375
3 0.5421875 0.31328125 0.0796875 0.04296875
3 0.4328125 0.33125 0.0796875 0.04765625
3 0.940625 0.34375 0.1078125 0.221875
3 0.94609375 0.540625 0.06640625 0.053125
3 0.80625 0.49375 0.13046875 0.128125