3 0.4375 0.678125 0.4765625 0.28828125
3 0.1 0.5 0.2 0.1875
3 0.4046875 0.47421875 0.1921875 0.1984375
3 0.2625 0.39921875 0.1296875 0.0953125
3 0.121875 0.38125 0.1453125 0.09765625
3 0.82421875 0.41640625 0.125 0.12421875
3 0.91875 0.42578125 0.0765625 0.07578125
3 0.66875 0.2796875 0.16484375 0.090625
3 0.23046875 0.26015625 0.14375 0.08984375
3 0.09375 0.28046875 0.1875 0.1234375
3 0.38515625 0.290625 0.06640625 0.08125
3 0.8140625 0.30625 0.1078125 0.096875
3 0.9484375 0.265625 0.103125 0.078125
3 0.57265625 0.21015625 0.13203125 0.0765625