3 0.0921875 0.67890625 0.07890625 0.10390625
3 0.175 0.69140625 0.08203125 0.11171875
3 0.215625 0.46015625 0.096875 0.103125
3 0.3046875 0.696875 0.0953125 0.1296875
3 0.62734375 0.53515625 0.07265625 0.07265625
3 0.590625 0.6203125 0.084375 0.1125
3 0.3359375 0.5953125 0.084375 0.109375
3 0.9390625 0.6265625 0.03984375 0.07421875
3 0.8140625 0.665625 0.04375 0.06015625
3 0.71640625 0.65078125 0.04296875 0.04453125
3 0.74296875 0.62265625 0.04140625 0.04609375
3 0.475 0.440625 0.03671875 0.0734375
3 0.43515625 0.32734375 0.07890625 0.1