3 0.303125 0.52734375 0.24765625 0.253125
3 0.509375 0.46484375 0.13125 0.15
3 0.1953125 0.64296875 0.21015625 0.26328125
3 0.5796875 0.4125 0.13359375 0.16953125
3 0.65625 0.3796875 0.1421875 0.14921875
3 0.80234375 0.11875 0.1390625 0.11875
3 0.128125 0.3046875 0.10234375 0.10703125
3 0.2875 0.25078125 0.078125 0.08671875
3 0.4234375 0.28671875 0.10703125 0.10703125
3 0.8125 0.6140625 0.2203125 0.25
3 0.703125 0.1953125 0.13125 0.11796875
3 0.5625 0.13046875 0.09921875 0.10625
3 0.075 0.70078125 0.14921875 0.36953125
3 0.73203125 0.31875 0.16171875 0.1640625