3 0.3234375 0.41484375 0.36484375 0.0890625
3 0.3796875 0.3203125 0.38203125 0.10703125
3 0.09375 0.328125 0.178125 0.13671875
3 0.29453125 0.15859375 0.1421875 0.075
3 0.48125 0.21484375 0.22265625 0.1484375
3 0.696875 0.3 0.08046875 0.0359375
3 0.86171875 0.31328125 0.071875 0.0296875
3 0.95703125 0.33984375 0.08515625 0.0421875
3 0.90703125 0.409375 0.07578125 0.03046875
3 0.24296875 0.925 0.06328125 0.03671875
3 0.565625 0.915625 0.084375 0.03125
3 0.51015625 0.86484375 0.1109375 0.04609375
3 0.3421875 0.865625 0.075 0.0265625
3 0.7453125 0.85 0.11171875 0.034375
3 0.390625 0.50625 0.1625 0.04609375
3 0.11328125 0.2296875 0.13125 0.07421875
3 0.49296875 0.046875 0.06953125 0.0609375
3 0.57421875 0.03671875 0.08984375 0.0546875
3 0.05234375 0.03125 0.08046875 0.03125
3 0.08515625 0.134375 0.0609375 0.02578125
3 0.084375 0.0875 0.06640625 0.02578125
3 0.32578125 0.11015625 0.09296875 0.04375
3 0.84140625 0.0953125 0.2078125 0.0421875
3 0.93828125 0.03125 0.1234375 0.05
3 0.7984375 0.04765625 0.10703125 0.03359375
3 0.55703125 0.0171875 0.2859375 0.034375