3 0.22421875 0.86484375 0.08828125 0.15390625
3 0.50234375 0.62265625 0.17421875 0.1890625
3 0.37890625 0.58359375 0.08046875 0.1703125
3 0.28515625 0.55859375 0.13359375 0.19140625
3 0.1890625 0.52890625 0.09375 0.17578125
3 0.08046875 0.44765625 0.13828125 0.1609375
3 0.15390625 0.10625 0.065625 0.09453125
3 0.18828125 0.08515625 0.0453125 0.07578125
3 0.22578125 0.0671875 0.05 0.0671875
3 0.2515625 0.05234375 0.04921875 0.08515625
3 0.2828125 0.03828125 0.0421875 0.06953125
3 0.30546875 0.028125 0.040625 0.05546875
3 0.340625 0.20625 0.0640625 0.1
3 0.3796875 0.175 0.04921875 0.08203125
3 0.4109375 0.14765625 0.04765625 0.07265625
3 0.44296875 0.12734375 0.04609375 0.0703125
3 0.46796875 0.1 0.0484375 0.0859375
3 0.4890625 0.0828125 0.03515625 0.0609375
3 0.50703125 0.0703125 0.04140625 0.0703125
3 0.53515625 0.04296875 0.03671875 0.05859375
3 0.56328125 0.02578125 0.0453125 0.0515625
3 0.75234375 0.0765625 0.04453125 0.07890625
3 0.7125 0.059375 0.05234375 0.0671875
3 0.66953125 0.04765625 0.046875 0.0515625
3 0.62890625 0.03984375 0.04453125 0.059375
3 0.571875 0.3953125 0.090625 0.134375
3 0.43359375 0.33203125 0.084375 0.11875
3 0.4953125 0.37109375 0.07578125 0.1375
3 0.19609375 0.25078125 0.15546875 0.16015625
3 0.359375 0.340625 0.0875 0.11875
3 0.4578125 0.2203125 0.0890625 0.115625
3 0.62734375 0.30234375 0.0984375 0.1578125
3 0.52265625 0.16484375 0.06171875 0.09921875
3 0.565625 0.10625 0.0609375 0.0625
3 0.59765625 0.07421875 0.0484375 0.06484375
3 0.6734375 0.215625 0.053125 0.078125
3 0.69765625 0.1796875 0.05 0.07578125
3 0.71875 0.13671875 0.0546875 0.0671875
3 0.7484375 0.46640625 0.0796875 0.11953125
3 0.765625 0.4078125 0.0734375 0.096875
3 0.83046875 0.16328125 0.0515625 0.06171875
3 0.81015625 0.21796875 0.05390625 0.053125
3 0.7984375 0.27890625 0.0515625 0.08671875
3 0.78203125 0.33203125 0.05390625 0.0828125
3 0.76484375 0.40234375 0.06328125 0.10546875
3 0.9390625 0.51953125 0.12109375 0.16640625
3 0.82109375 0.66328125 0.2578125 0.315625
3 0.965625 0.69140625 0.06875 0.2390625
3 0.828125 0.11953125 0.05 0.0625
3 0.88515625 0.16953125 0.0546875 0.06640625
3 0.93984375 0.18984375 0.05078125 0.078125
3 0.94140625 0.14140625 0.05546875 0.05703125
3 0.98671875 0.1578125 0.0265625 0.06875
3 0.98515625 0.215625 0.0296875 0.071875
3 0.88515625 0.1234375 0.05234375 0.0515625
3 0.91640625 0.38984375 0.04921875 0.0609375
3 0.878125 0.36015625 0.04453125 0.07890625
3 0.40625 0.04453125 0.153125 0.0890625