3 0.23515625 0.8125 0.10078125 0.15234375
3 0.875 0.76875 0.25 0.44140625
3 0.17578125 0.3734375 0.13515625 0.1484375
3 0.55390625 0.6359375 0.1953125 0.24140625
3 0.245282578125 0.36230393125 0.1971702015625 0.5059039765625 0.620895446875 0.7961914812499999 0.684287496875 0.60662901875 0.245282578125 0.36230393125
3 0.60742270625 0.44334191250000005 0.6956508734375 0.49405302500000003 0.7419086640625 0.429651215625 0.6631129875 0.3348699640625 0.6216415421875 0.35066684062500003 0.60742270625 0.44334191250000005
3 0.5730606765624999 0.27484183125 0.53270028125 0.39397831875 0.608015190625 0.45071371562499996 0.6429696593750001 0.331710596875 0.5730606765624999 0.27484183125
3 0.5096685812499999 0.239035565625 0.47122346718749997 0.3215558328125 0.5357363562499999 0.3938449484375 0.5736531171875 0.2885324484375 0.5096685812499999 0.239035565625
3 0.45703125 0.31171875 0.0953125 0.1140625
3 0.315625 0.19296875 0.13984375 0.159375
3 0.05390625 0.12265625 0.0953125 0.22890625
3 0.29609375 0.04453125 0.0640625 0.08828125
3 0.33547816875 0.1126122265625 0.5718654234375 0.004140359375 0.350881884375 0 0.294006721875 0.0136185015625 0.31059531875 0.0810184765625 0.33547816875 0.1126122265625
3 0.5019564390625 0.177905984375 0.4794433515625 0.1105060078125 0.4549284078125 0.1214064203125 0.41901354687500003 0.17053410156249998 0.44626620156249996 0.2379341984375 0.5019564390625 0.177905984375
3 0.5356630203125 0.1701270015625 0.525654409375 0.08523099375 0.47174149375 0.12735599375 0.51025069375 0.19580911875 0.5356630203125 0.1701270015625
3 0.5704751921875 0.156959278125 0.5564617968750001 0.067327859375 0.507288446875 0.0978685015625 0.53868831875 0.16526847656250002 0.5704751921875 0.156959278125
3 0.6052873640625 0.130623828125 0.5908237796875 0.04837161875 0.5487599390625 0.08523099375 0.576605034375 0.14631223437500002 0.6052873640625 0.130623828125
3 0.64296875 0.16015625 0.06015625 0.078125
3 0.55234375 0.23125 0.06171875 0.09140625
3 0.5953125 0.19375 0.06953125 0.09140625
3 0.6046875 0.0703125 0.05859375 0.08359375
3 0.63828125 0.05625 0.04140625 0.0625
3 0.6546875 0.04140625 0.05078125 0.06875
3 0.709375 0.02734375 0.0890625 0.05390625
3 0.67265625 0.13359375 0.0515625 0.06796875
3 0.7046875 0.10859375 0.040625 0.0671875
3 0.7265625 0.08515625 0.05 0.065625
3 0.765625 0.059375 0.05625 0.05625
3 0.73828125 0.3390625 0.0875 0.12421875
3 0.77578125 0.29765625 0.06640625 0.11328125
3 0.8046875 0.265625 0.0578125 0.10078125
3 0.83828125 0.2203125 0.06328125 0.1
3 0.8703125 0.18203125 0.046875 0.07265625
3 0.88671875 0.1421875 0.0796875 0.08984375
3 0.86015625 0.5296875 0.11015625 0.14609375
3 0.90859375 0.42890625 0.08984375 0.140625
3 0.94375 0.346875 0.0859375 0.13984375
3 0.97890625 0.271875 0.0421875 0.11875
3 0.6522875609375001 1 0.6708526640625 0.9693569 0.304191875 0.73835046875 0.21492672812500002 0.965958284375 0.25035311875 1 0.6522875609375001 1