3 0.325 0.440625 0.39140625 0.0921875
3 0.08828125 0.34765625 0.1765625 0.1171875
3 0.121875 0.25546875 0.1296875 0.075
3 0.29296875 0.17890625 0.11796875 0.06171875
3 0.48203125 0.2390625 0.19453125 0.14453125
3 0.37578125 0.35859375 0.3734375 0.11484375
3 0.70859375 0.32734375 0.08671875 0.040625
3 0.86953125 0.340625 0.06875 0.02890625
3 0.9609375 0.3640625 0.07734375 0.040625
3 0.92109375 0.43828125 0.075 0.03203125
3 0.38671875 0.53671875 0.15625 0.04453125
3 0.3359375 0.9046875 0.065625 0.0265625
3 0.24765625 0.96953125 0.06484375 0.0421875
3 0.56328125 0.9578125 0.06484375 0.03046875
3 0.51796875 0.90859375 0.1046875 0.0609375
3 0.06171875 0.9765625 0.03515625 0.03515625
3 0.7453125 0.89140625 0.1296875 0.040625
3 0.946875 0.953125 0.078125 0.03515625
3 0.05078125 0.05234375 0.07578125 0.0375
3 0.08515625 0.11015625 0.0546875 0.0296875
3 0.09375 0.15703125 0.0671875 0.02265625
3 0.321875 0.13125 0.09609375 0.04453125
3 0.2671875 0.01640625 0.04765625 0.02421875
3 0.496875 0.07109375 0.075 0.03046875
3 0.57265625 0.053125 0.10625 0.0484375
3 0.52109375 0.05078125 0.08046875 0.0296875
3 0.5546875 0.028125 0.278125 0.040625
3 0.80234375 0.06796875 0.0953125 0.0296875
3 0.8421875 0.11796875 0.2140625 0.04296875
3 0.7609375 0.1859375 0.17265625 0.0375
3 0.80859375 0.2375 0.34140625 0.0765625
3 0.88671875 0.1890625 0.08828125 0.06796875
3 0.93515625 0.0484375 0.125 0.05390625
3 0.1359375 0.015625 0.13359375 0.03125