3 0.28515625 0.3203125 0.128125 0.17578125
3 0.91015625 0.8265625 0.1796875 0.334375
3 0.9609375 0.68046875 0.07734375 0.14453125
3 0.7859375 0.45859375 0.1140625 0.1625
3 0.7109375 0.3859375 0.10625 0.15546875
3 0.65078125 0.32265625 0.1 0.14140625
3 0.4640625 0.17265625 0.159375 0.20625
3 0.71640625 0.2046875 0.125 0.13046875
3 0.796875 0.18671875 0.078125 0.121875
3 0.8546875 0.16640625 0.07265625 0.1328125
3 0.90390625 0.12265625 0.07421875 0.06796875
3 0.88046875 0.40390625 0.115625 0.13828125
3 0.94140625 0.35625 0.078125 0.12578125
3 0.97421875 0.3375 0.0515625 0.16640625
3 0.22265625 0.078125 0.0953125 0.15625
3 0.05390625 0.159375 0.10703125 0.31796875
3 0.59921875 0.14609375 0.06953125 0.0890625
3 0.6515625 0.12421875 0.0625 0.08828125
3 0.6984375 0.10546875 0.05546875 0.0875
3 0.7421875 0.096875 0.05625 0.084375
3 0.77890625 0.0734375 0.05390625 0.07890625
3 0.8125 0.059375 0.0546875 0.075
3 0.84453125 0.04453125 0.0453125 0.075
3 0.5369694546875 0.9914261453125001 0.28371417656250003 0.678657946875 0.20497463906250002 0.8029095453125 0.25083136875 0.8591405640625001 0.20352628125 0.9329744156249999 0.26294607812500004 0.9975789468749999 0.5369694546875 0.9914261453125001
3 0.676661559375 0.8541972843750001 0.743496546875 0.724804075 0.54966104375 0.5238120296875 0.4867798875 0.6458429156250001 0.676661559375 0.8541972843750001
3 0.2871952953125 0.42594466875 0.4896643421875 0.64686836875 0.547930396875 0.5166337734375 0.3223658734375 0.3238454953125 0.2871952953125 0.42594466875
3 0.55078125 0.31796875 0.06171875 0.11015625
3 0.5734375 0.37890625 0.08125 0.07578125