5 0.44583333333333336 0.50625 0.0625 0.1326388888888889
5 0.8680555555555556 0.49444444444444446 0.05555555555555555 0.04097222222222222
5 0.9 0.47152777777777777 0.059027777777777776 0.05347222222222222
5 0.8465277777777778 0.41458333333333336 0.05555555555555555 0.04097222222222222
5 0.7631944444444444 0.4027777777777778 0.05763888888888889 0.03958333333333333
5 0.7034722222222223 0.39861111111111114 0.059722222222222225 0.03680555555555556
5 0.6430555555555556 0.36875 0.0798611111111111 0.05347222222222222
5 0.575 0.3875 0.05694444444444444 0.04236111111111111
5 0.5013888888888889 0.4027777777777778 0.06458333333333334 0.05625
5 0.4798611111111111 0.4465277777777778 0.06111111111111111 0.07222222222222222
5 0.58125 0.45694444444444443 0.06944444444444445 0.06944444444444445
5 0.7611111111111111 0.46597222222222223 0.059722222222222225 0.05486111111111111
5 0.8451388888888889 0.4583333333333333 0.05694444444444444 0.04375
5 0.6451388888888889 0.45625 0.06597222222222222 0.06458333333333334
5 0.70625 0.46319444444444446 0.059722222222222225 0.06319444444444444