5 0.4479166666666667 0.42430555555555555 0.07777777777777778 0.11458333333333333
5 0.3736111111111111 0.4131944444444444 0.07847222222222222 0.12152777777777778
5 0.48055555555555557 0.33819444444444446 0.06111111111111111 0.058333333333333334
5 0.5166666666666667 0.5069444444444444 0.08194444444444444 0.08263888888888889
5 0.6291666666666667 0.4513888888888889 0.05 0.07013888888888889
5 0.6833333333333333 0.45069444444444445 0.05 0.06319444444444444
5 0.7625 0.4375 0.05486111111111111 0.08055555555555556
5 0.7395833333333334 0.37569444444444444 0.05277777777777778 0.05486111111111111
5 0.6145833333333334 0.37430555555555556 0.059027777777777776 0.04652777777777778
5 0.5430555555555555 0.33125 0.07152777777777777 0.06388888888888888
5 0.42083333333333334 0.34444444444444444 0.058333333333333334 0.044444444444444446
5 0.8041666666666667 0.41041666666666665 0.05486111111111111 0.1
5 0.5416666666666666 0.40694444444444444 0.06319444444444444 0.08402777777777778
5 0.6152777777777778 0.42083333333333334 0.0798611111111111 0.07777777777777778