3 0.37734375 0.21875 0.12890625 0.146875
3 0.1760132703125 0.18644628593749998 0.2363446578125 0 0.0248172625 0.0015877374999999998 0 0.17809937343749999 0.1760132703125 0.18644628593749998
3 0.22704605 0.9948338812499999 0.5130476421875 0.9939145640625 0.3196216140625 0.5875700609375001 0.227080528125 0.656585190625 0.26738625312500003 0.7705170156250001 0.199635434375 0.8311928703125 0.18153406875 0.9019814625 0.22704605 0.9948338812499999
3 0.520831990625 0.6440571671875001 0.689950446875 0.88308331875 0.7753843359375 0.7726830625 0.77683701875 0.762650925 0.5968577109375001 0.4914481390625 0.520831990625 0.6440571671875001
3 0.43860006562500004 0.2864104 0.39308804375 0.2459598234375 0.3641564796875 0.33472970625 0.531175628125 0.614611771875 0.6434040796875 0.47027667187500005 0.4608389 0.236766509375 0.43860006562500004 0.2864104
3 0.8890625 0.50078125 0.1390625 0.20390625
3 0.8171875 0.38515625 0.10859375 0.1828125
3 0.753125 0.2921875 0.1 0.146875
3 0.675 0.2703125 0.1125 0.0828125
3 0.6703125 0.359375 0.084375 0.09921875
3 0.64140625 0.13984375 0.03359375 0.0671875
3 0.57421875 0.08984375 0.1453125 0.1796875
3 0.73359375 0.11796875 0.0734375 0.115625
3 0.79609375 0.09140625 0.0625 0.09375
3 0.85859375 0.1921875 0.159375 0.1265625
3 0.95859375 0.1640625 0.0765625 0.10703125