3 0.2984375 0.55390625 0.07578125 0.10234375
3 0.3359375 0.784375 0.2734375 0.43125
3 0.45078125 0.109375 0.13359375 0.1421875
3 0.70078125 0.0546875 0.14375 0.10859375
3 0.93828125 0.18515625 0.08125 0.1265625
3 0.85 0.25234375 0.096875 0.15859375
3 0.94921875 0.5125 0.1015625 0.246875
3 0.90078125 0.3578125 0.121875 0.1609375
3 0.76640625 0.2109375 0.13046875 0.090625
3 0.7421875 0.29609375 0.0953125 0.09609375
3 0.5265625 0.071875 0.04140625 0.05625
3 0.6839849890624999 0.4539425421875 0.54377589375 0.1565388140625 0.4542305921875 0.1429412 0.4162781 0.2215436265625 0.6939999968749999 0.9063313421875 0.8141792078125001 0.789045390625 0.662187790625 0.5052551750000001 0.6839849890624999 0.4539425421875