3 0.1265625 0.4359375 0.075 0.025
3 0.03359375 0.4578125 0.0546875 0.0265625
3 0.01875 0.490625 0.0375 0.0296875
3 0.21875 0.3921875 0.0546875 0.0265625
3 0.2734375 0.36875 0.0375 0.0328125
3 0.303125 0.353125 0.03671875 0.01953125
3 0.3578125 0.328125 0.0546875 0.01875
3 0.3546875 0.303125 0.05703125 0.0203125
3 0.49765625 0.23984375 0.05703125 0.02734375
3 0.40859375 0.2984375 0.0390625 0.02109375
3 0.18046875 0.3 0.046875 0.01484375
3 0.2671875 0.315625 0.0375 0.01640625
3 0.315625 0.2234375 0.04375 0.01875
3 0.4125 0.1515625 0.0546875 0.02109375
3 0.5875 0.15703125 0.06171875 0.02578125
3 0.53828125 0.209375 0.06328125 0.0234375
3 0.6796875 0.15 0.06484375 0.0265625
3 0.51484375 0.06015625 0.0484375 0.02265625
3 0.4046875 0.02421875 0.04296875 0.01640625
3 0.503125 0.096875 0.0453125 0.01875
3 0.58515625 0.06328125 0.0421875 0.025