3 0.39609375 0.91171875 0.053125 0.04921875
3 0.3875 0.83125 0.06328125 0.0609375
3 0.29140625 0.85078125 0.05 0.04140625
3 0.29765625 0.74296875 0.0453125 0.0390625
3 0.1453125 0.87734375 0.053125 0.05625
3 0.2171875 0.8234375 0.05234375 0.05625
3 0.19921875 0.8703125 0.05 0.03984375
3 0.13828125 0.81953125 0.04140625 0.0359375
3 0.16953125 0.83984375 0.04375 0.04140625
3 0.06875 0.82734375 0.0515625 0.03828125
3 0.0578125 0.871875 0.0609375 0.05234375
3 0.115625 0.84140625 0.0515625 0.0515625
3 0.03125 0.7671875 0.0359375 0.03125
3 0.01328125 0.82734375 0.02421875 0.0453125
3 0.2671875 0.78125 0.05234375 0.04296875
3 0.34140625 0.78984375 0.05 0.0375
3 0.4734375 0.7703125 0.0421875 0.04140625
3 0.51796875 0.7390625 0.05 0.06015625
3 0.4296875 0.7953125 0.03046875 0.03046875
3 0.43359375 0.7703125 0.034375 0.028125
3 0.4953125 0.909375 0.05625 0.05859375
3 0.453125 0.875 0.05078125 0.05546875
3 0.453125 0.83359375 0.0515625 0.04296875
3 0.40078125 0.77421875 0.0328125 0.04296875
3 0.3484375 0.7640625 0.0328125 0.025
3 0.3578125 0.74609375 0.03359375 0.0296875
3 0.36484375 0.725 0.0484375 0.04140625
3 0.40390625 0.75 0.02890625 0.03046875
3 0.66640625 0.7421875 0.03515625 0.0296875
3 0.690625 0.73515625 0.02890625 0.0359375
3 0.93828125 0.7765625 0.0484375 0.04921875
3 0.97421875 0.88671875 0.046875 0.05859375
3 0.1234375 0.74765625 0.03984375 0.03125