3 0.38203125 0.9265625 0.12578125 0.08828125
3 0.48125 0.8671875 0.08203125 0.08828125
3 0.54453125 0.79765625 0.08515625 0.1
3 0.60703125 0.73671875 0.05234375 0.0671875
3 0.559375 0.74921875 0.03671875 0.04765625
3 0.6671875 0.64453125 0.05078125 0.05625
3 0.634375 0.61171875 0.0640625 0.0546875
3 0.75625 0.50625 0.0515625 0.0578125
3 0.72578125 0.48046875 0.04375 0.0546875
3 0.78203125 0.4609375 0.0609375 0.08125
3 0.55390625 0.54453125 0.06015625 0.06875
3 0.5875 0.51171875 0.06015625 0.059375
3 0.51953125 0.5984375 0.0796875 0.0640625
3 0.47109375 0.625 0.0609375 0.06953125
3 0.440625 0.6890625 0.08203125 0.07109375
3 0.38828125 0.7484375 0.096875 0.0984375
3 0.31015625 0.79921875 0.05234375 0.05859375
3 0.27109375 0.65078125 0.06484375 0.0765625
3 0.32265625 0.6171875 0.0453125 0.05546875
3 0.3453125 0.596875 0.05859375 0.05703125
3 0.3828125 0.5609375 0.03984375 0.05078125
3 0.4046875 0.53671875 0.04296875 0.04296875
3 0.63046875 0.4625 0.0640625 0.0765625
3 0.64921875 0.4234375 0.0421875 0.0578125
3 0.6703125 0.3859375 0.0484375 0.0625
3 0.70546875 0.3625 0.046875 0.0640625
3 0.728125 0.33125 0.03828125 0.05546875
3 0.75234375 0.31171875 0.03515625 0.06328125
3 0.7671875 0.275 0.04375 0.06171875
3 0.79453125 0.259375 0.04296875 0.04765625
3 0.83671875 0.2609375 0.02890625 0.040625
3 0.571875 0.321875 0.034375 0.05390625
3 0.81640625 0.23046875 0.03828125 0.04453125
3 0.675 0.26171875 0.04375 0.04765625
3 0.51328125 0.42578125 0.03515625 0.0484375
3 0.5390625 0.390625 0.0359375 0.05
3 0.5796875 0.3671875 0.04375 0.04765625
3 0.12109375 0.53125 0.0484375 0.06875
3 0.1921875 0.48828125 0.0546875 0.05390625
3 0.10546875 0.478125 0.04921875 0.03515625
3 0.10078125 0.44765625 0.04609375 0.0546875
3 0.30546875 0.521875 0.059375 0.0640625
3 0.25234375 0.5640625 0.07734375 0.0640625
3 0.40625 0.4453125 0.065625 0.071875
3 0.28203125 0.41328125 0.040625 0.04921875
3 0.2421875 0.4203125 0.040625 0.03984375
3 0.21953125 0.4359375 0.03359375 0.04453125
3 0.3125 0.38125 0.05 0.0421875
3 0.04453125 0.4921875 0.07265625 0.0890625
3 0.225 0.35546875 0.034375 0.03515625
3 0.26875 0.30078125 0.0453125 0.04765625
3 0.35859375 0.29921875 0.03125 0.0375
3 0.4609375 0.38828125 0.05234375 0.0328125
3 0.4421875 0.3578125 0.034375 0.05234375
3 0.41875 0.40859375 0.03203125 0.0453125
3 0.32109375 0.13125 0.05546875 0.05703125
3 0.28359375 0.1734375 0.0328125 0.02734375
3 0.2515625 0.17109375 0.02109375 0.03125
3 0.41640625 0.1828125 0.03515625 0.034375
3 0.34453125 0.0796875 0.03203125 0.034375
3 0.39609375 0.04609375 0.03046875 0.028125
3 0.434375 0.1546875 0.028125 0.03046875
3 0.521875 0.115625 0.0265625 0.0265625
3 0.50546875 0.1 0.02890625 0.0328125
3 0.66015625 0.1734375 0.034375 0.03203125
3 0.6453125 0.1375 0.03046875 0.025
3 0.5984375 0.0984375 0.059375 0.0375
3 0.6921875 0.09921875 0.04375 0.02890625
3 0.6671875 0.11796875 0.0328125 0.034375
3 0.41796875 0.0890625 0.034375 0.0359375
3 0.075 0.803125 0.1375 0.10703125
3 0.0234375 0.684375 0.046875 0.05625
3 0.0265625 0.74375 0.053125 0.05546875