3 0.1453125 0.70703125 0.06875 0.103125
3 0.0515625 0.63671875 0.05703125 0.06640625
3 0.08671875 0.72734375 0.0546875 0.09375
3 0.10859375 0.86328125 0.0625 0.1015625
3 0.15234375 0.80859375 0.05703125 0.0859375
3 0.0453125 0.8890625 0.08984375 0.18515625
3 0.209375 0.50234375 0.04921875 0.06953125
3 0.14296875 0.58125 0.05625 0.06328125
3 0.11171875 0.49375 0.12421875 0.11015625
3 0.2421875 0.53515625 0.07421875 0.08828125
3 0.45390625 0.46328125 0.05390625 0.1203125
3 0.47734375 0.534375 0.059375 0.0671875
3 0.3796875 0.45859375 0.06015625 0.075
3 0.25546875 0.44296875 0.0578125 0.0640625
3 0.30234375 0.49609375 0.05703125 0.065625
3 0.35625 0.5625 0.0515625 0.06484375
3 0.4 0.58671875 0.065625 0.10234375
3 0.30234375 0.775 0.046875 0.11484375
3 0.365625 0.7890625 0.0875 0.11328125
3 0.37109375 0.70234375 0.0578125 0.07578125
3 0.34765625 0.88984375 0.0734375 0.10078125
3 0.35 0.95859375 0.08203125 0.0765625
3 0.4765625 0.84296875 0.0484375 0.06328125
3 0.50078125 0.67890625 0.0625 0.09375
3 0.52265625 0.62421875 0.03359375 0.08046875
3 0.66015625 0.7015625 0.21015625 0.190625
3 0.6640625 0.45703125 0.16171875 0.0859375
3 0.71015625 0.5390625 0.06875 0.09296875
3 0.76953125 0.63671875 0.1203125 0.10859375
3 0.93046875 0.6640625 0.07265625 0.0953125
3 0.9609375 0.7953125 0.07734375 0.09296875
3 0.871875 0.534375 0.0484375 0.08046875
3 0.93203125 0.578125 0.0390625 0.07265625
3 0.990625 0.68125 0.01875 0.0984375
3 0.78203125 0.45234375 0.06015625 0.09921875