3 0.13671875 0.471875 0.25703125 0.25078125
3 0.26015625 0.56484375 0.190625 0.1671875
3 0.421875 0.5546875 0.15703125 0.296875
3 0.62578125 0.725 0.09765625 0.171875
3 0.79375 0.83125 0.0953125 0.13828125
3 0.87265625 0.8140625 0.09140625 0.128125
3 0.7109375 0.696875 0.1171875 0.175
3 0.6234375 0.58828125 0.13984375 0.18671875
3 0.3859375 0.37421875 0.13046875 0.1546875
3 0.28671875 0.20546875 0.13828125 0.1765625
3 0.53046875 0.303125 0.103125 0.15625
3 0.56484375 0.22265625 0.140625 0.1203125
3 0.6421875 0.42421875 0.1484375 0.1546875
3 0.715625 0.25859375 0.10234375 0.1453125
3 0.9515625 0.321875 0.0859375 0.16953125
3 0.940625 0.225 0.0609375 0.121875
3 0.946875 0.1359375 0.0765625 0.146875
3 0.84375 0.50078125 0.1640625 0.11796875
3 0.79921875 0.42890625 0.09375 0.1109375
3 0.7765625 0.3796875 0.0734375 0.10625
3 0.83515625 0.62734375 0.1 0.1296875
3 0.89296875 0.6515625 0.109375 0.11875