3 0.26484375 0.65625 0.25703125 0.3125
3 0.0984375 0.55859375 0.07421875 0.1796875
3 0.02890625 0.46953125 0.05703125 0.0953125
3 0.3109375 0.53515625 0.07734375 0.22109375
3 0.3828125 0.60546875 0.1015625 0.1328125
3 0.19375 0.2359375 0.1578125 0.140625
3 0.29140625 0.19765625 0.14765625 0.0671875
3 0.47890625 0.246875 0.11328125 0.075
3 0.43125 0.43671875 0.0890625 0.07109375
3 0.55625 0.4375 0.1203125 0.1
3 0.3171875 0.42109375 0.1453125 0.0921875
3 0.75390625 0.4625 0.09375 0.06875
3 0.590625 0.50859375 0.0640625 0.0484375
3 0.5765625 0.29921875 0.1015625 0.07734375
3 0.6140625 0.2625 0.10234375 0.071875
3 0.75078125 0.384375 0.11875 0.07578125
3 0.76875 0.303125 0.0953125 0.0625
3 0.4984375 0.0484375 0.0671875 0.06015625
3 0.2546875 0.0390625 0.0671875 0.04140625
3 0.0765625 0.04453125 0.0859375 0.0578125
3 0.5078125 0.1859375 0.1015625 0.090625
3 0.47890625 0.1484375 0.078125 0.05
3 0.6203125 0.20859375 0.11796875 0.06796875
3 0.79453125 0.1203125 0.09140625 0.053125
3 0.89609375 0.0375 0.04453125 0.059375
3 0.959375 0.0484375 0.05078125 0.075
3 0.86015625 0.19609375 0.05625 0.05546875
3 0.56640625 0.08828125 0.08125 0.0515625
3 0.60546875 0.1328125 0.04375 0.046875
3 0.659375 0.11484375 0.0640625 0.0515625
3 0.4109375 0.303125 0.0953125 0.08515625