3 0.37890625 0.51796875 0.1625 0.2171875
3 0.47578125 0.46015625 0.12578125 0.1703125
3 0.890625 0.30234375 0.09296875 0.0859375
3 0.3328125 0.284375 0.09296875 0.1234375
3 0.06953125 0.36171875 0.12421875 0.13125
3 0.07890625 0.6125 0.13984375 0.21875
3 0.134375 0.92578125 0.15546875 0.1484375
3 0.41640625 0.80078125 0.15234375 0.2125
3 0.53125 0.77421875 0.09609375 0.171875
3 0.64609375 0.6953125 0.1640625 0.175
3 0.7921875 0.5875 0.1328125 0.16640625
3 0.9375 0.50234375 0.125 0.1359375
3 0.93125 0.90625 0.1375 0.1875
3 0.8359375 0.93203125 0.1640625 0.1359375
3 0.709375 0.171875 0.1015625 0.0671875
3 0.6109375 0.20546875 0.06953125 0.12265625
3 0.5390625 0.23359375 0.090625 0.1140625
3 0.471875 0.2484375 0.10859375 0.10078125
3 0.4125 0.26171875 0.07421875 0.0890625
3 0.8171875 0.18046875 0.034375 0.090625
3 0.85234375 0.190625 0.0453125 0.0859375
3 0.77421875 0.171875 0.059375 0.09609375
3 0.5375 0.64609375 0.0625 0.09921875
3 0.55390625 0.42890625 0.09296875 0.14296875
3 0.62421875 0.41015625 0.08671875 0.15859375
3 0.7 0.39921875 0.09140625 0.16328125
3 0.75078125 0.32578125 0.06171875 0.09765625
3 0.79453125 0.378125 0.0390625 0.06875
3 0.9328125 0.36171875 0.109375 0.09296875
3 0.8484375 0.36328125 0.090625 0.11640625
3 0.03984375 0.084375 0.06796875 0.11171875
3 0.08671875 0.08203125 0.06328125 0.09609375
3 0.271875 0.06953125 0.08359375 0.10625
3 0.34140625 0.06328125 0.0625 0.09921875
3 0.39375 0.05546875 0.07734375 0.08984375