3 0.271875 0.3921875 0.0875 0.115625
3 0.346875 0.2984375 0.07265625 0.12578125
3 0.40859375 0.53359375 0.09140625 0.1515625
3 0.04375 0.51640625 0.08671875 0.10546875
3 0.57890625 0.3140625 0.08515625 0.23984375
3 0.50703125 0.5734375 0.0875 0.08203125
3 0.5078125 0.82890625 0.08828125 0.08046875
3 0.63046875 0.77265625 0.084375 0.134375
3 0.7125 0.7921875 0.10234375 0.13203125
3 0.69296875 0.6765625 0.153125 0.13671875
3 0.67421875 0.5625 0.06171875 0.09140625
3 0.90859375 0.92265625 0.096875 0.10625
3 0.575 0.53203125 0.128125 0.10859375
3 0.82734375 0.64765625 0.0453125 0.07578125
3 0.471875 0.4171875 0.0984375 0.1578125
3 0.503125 0.3328125 0.0671875 0.09140625
3 0.76015625 0.54609375 0.06875 0.09921875
3 0.62265625 0.4359375 0.08984375 0.1578125
3 0.03203125 0.31484375 0.05859375 0.08125
3 0.8546875 0.51875 0.0921875 0.1359375
3 0.9234375 0.5265625 0.078125 0.175
3 0.86640625 0.77890625 0.159375 0.08984375
3 0.8875 0.3203125 0.1203125 0.15078125
3 0.7515625 0.21015625 0.12421875 0.125
3 0.8703125 0.2078125 0.11953125 0.14296875
3 0.73671875 0.4484375 0.14921875 0.12734375
3 0.74765625 0.34765625 0.14140625 0.17265625