3 0.7515625 0.45 0.20078125 0.1875
3 0.53203125 0.51328125 0.1484375 0.1484375
3 0.253125 0.5640625 0.21875 0.18359375
3 0.3859375 0.528125 0.21953125 0.2109375
3 0.56640625 0.7796875 0.17890625 0.175
3 0.72578125 0.740625 0.225 0.1890625
3 0.8703125 0.68984375 0.259375 0.2375
3 0.31796875 0.86328125 0.246875 0.22265625
3 0.415625 0.8203125 0.203125 0.12734375
3 0.1453125 0.921875 0.275 0.15625
3 0.13828125 0.6109375 0.20234375 0.19609375
3 0.04296875 0.6546875 0.0859375 0.184375
3 0.753125 0.1703125 0.15 0.17890625
3 0.9171875 0.1546875 0.14375 0.19453125
3 0.3734375 0.090625 0.175 0.15625
3 0.1 0.15 0.2 0.1859375
3 0.21328125 0.27890625 0.1671875 0.19140625
3 0.40625 0.196875 0.00625 0.003125
3 0.3328125 0.28515625 0.1546875 0.20390625
3 0.44296875 0.26484375 0.16171875 0.19296875
3 0.08125 0.3671875 0.1625 0.29765625