3 0.49921875 0.2484375 0.14296875 0.13671875
3 0.7046875 0.86640625 0.11796875 0.1078125
3 0.8 0.96484375 0.103125 0.0703125
3 0.4609375 0.79296875 0.1734375 0.22265625
3 0.715625 0.72578125 0.18203125 0.159375
3 0.790625 0.41015625 0.1609375 0.1546875
3 0.5875 0.546875 0.140625 0.184375
3 0.4375 0.4265625 0.07421875 0.08671875
3 0.36015625 0.40390625 0.0671875 0.13984375
3 0.471875 0.15859375 0.0875 0.0984375
3 0.334375 0.25390625 0.0734375 0.121875
3 0.12421875 0.2796875 0.128125 0.11484375
3 0.2140625 0.26875 0.0890625 0.14296875
3 0.06328125 0.22421875 0.0875 0.13125
3 0.19296875 0.1328125 0.1078125 0.0765625
3 0.27109375 0.13046875 0.08828125 0.075
3 0.82890625 0.615625 0.1703125 0.1265625
3 0.834375 0.76484375 0.1921875 0.16015625
3 0.7671875 0.28828125 0.13125 0.121875
3 0.6375 0.46953125 0.11328125 0.1234375
3 0.7140625 0.53046875 0.17578125 0.11171875
3 0.45859375 0.61640625 0.18828125 0.16328125
3 0.31328125 0.7265625 0.1953125 0.2046875
3 0.5234375 0.44921875 0.21875 0.19453125
3 0.53359375 0.41640625 0.11328125 0.10625
3 0.39453125 0.17578125 0.071875 0.07578125
3 0.53203125 0.1140625 0.06796875 0.07109375
3 0.5984375 0.103125 0.0609375 0.08046875
3 0.75703125 0.1234375 0.05234375 0.07265625
3 0.79765625 0.128125 0.046875 0.06953125