3 0.45625 0.6609375 0.1875 0.35078125
3 0.33671875 0.59375 0.15625 0.26875
3 0.18359375 0.4046875 0.12578125 0.21875
3 0.90078125 0.5234375 0.1984375 0.2625
3 0.64296875 0.41875 0.17734375 0.19375
3 0.509375 0.38125 0.1578125 0.1609375
3 0.37890625 0.32890625 0.121875 0.14296875
3 0.5953125 0.2125 0.15078125 0.29453125
3 0.35546875 0.2078125 0.0609375 0.1578125
3 0.26484375 0.18125 0.10234375 0.11328125
3 0.8328125 0.13203125 0.06484375 0.11328125
3 0.69375 0.2734375 0.0703125 0.125
3 0.9421875 0.39921875 0.115625 0.1234375
3 0.93125 0.2953125 0.12421875 0.12265625
3 0.8078125 0.32109375 0.15546875 0.175
3 0.4140625 0.18671875 0.05703125 0.0984375
3 0.5 0.21640625 0.07890625 0.18828125