3 0.44453125 0.7109375 0.20625 0.38828125
3 0.61875 0.371875 0.115625 0.15546875
3 0.57265625 0.53203125 0.13203125 0.175
3 0.29296875 0.34609375 0.140625 0.2953125
3 0.13984375 0.3625 0.09375 0.1921875
3 0.5125 0.271875 0.07109375 0.08203125
3 0.4515625 0.1625 0.0609375 0.1171875
3 0.871875 0.4328125 0.125 0.17890625
3 0.16640625 0.0828125 0.06953125 0.065625
3 0.040625 0.278125 0.08125 0.11640625
3 0.11171875 0.15390625 0.07109375 0.08203125
3 0.04375 0.16484375 0.0609375 0.09765625
3 0.1703125 0.22578125 0.08984375 0.13984375
3 0.27890625 0.096875 0.0578125 0.09921875
3 0.34609375 0.1328125 0.05625 0.13046875
3 0.61015625 0.209375 0.1734375 0.121875