3 0.49921875 0.42421875 0.13359375 0.259375
3 0.64375 0.43984375 0.14453125 0.23203125
3 0.821875 0.45234375 0.178125 0.20625
3 0.325 0.44453125 0.1515625 0.27890625
3 0.1578125 0.415625 0.153125 0.2625
3 0.71015625 0.0890625 0.15625 0.16640625
3 0.9125 0.10234375 0.175 0.20234375
3 0.3640625 0.08046875 0.08125 0.10078125
3 0.075 0.14453125 0.15 0.2109375
3 0.94765625 0.42890625 0.1046875 0.29609375
3 0.44609375 0.94140625 0.14140625 0.11640625
3 0.66640625 0.93046875 0.1859375 0.1390625
3 0.85078125 0.94140625 0.15625 0.1171875
3 0.2609375 0.940625 0.1609375 0.11875
3 0.06953125 0.93515625 0.1390625 0.1296875
3 0.49375 0.06015625 0.20625 0.1203125
3 0.22109375 0.05859375 0.178125 0.11640625