3 0.13046875 0.384375 0.10625 0.12109375
3 0.325 0.30390625 0.09921875 0.1375
3 0.225 0.33828125 0.084375 0.14140625
3 0.5203125 0.25078125 0.078125 0.13203125
3 0.67265625 0.14765625 0.096875 0.10625
3 0.62265625 0.20703125 0.12109375 0.109375
3 0.8171875 0.10859375 0.1234375 0.11171875
3 0.9 0.36484375 0.11484375 0.1015625
3 0.71953125 0.2953125 0.11484375 0.11328125
3 0.62578125 0.35078125 0.09921875 0.11015625
3 0.42265625 0.425 0.128125 0.1078125
3 0.3265625 0.45703125 0.09921875 0.103125
3 0.23046875 0.51015625 0.1015625 0.09921875
3 0.36484375 0.55859375 0.06953125 0.0875
3 0.31328125 0.6140625 0.109375 0.128125
3 0.63515625 0.61875 0.1359375 0.09453125
3 0.7140625 0.440625 0.09296875 0.084375
3 0.5234375 0.51953125 0.103125 0.08984375
3 0.52578125 0.67890625 0.11953125 0.09921875
3 0.965625 0.24375 0.06796875 0.10625
3 0.96796875 0.44296875 0.0640625 0.0859375
3 0.95625 0.653125 0.08671875 0.10234375
3 0.8953125 0.73203125 0.13828125 0.14140625
3 0.67734375 0.82734375 0.12265625 0.13359375
3 0.79140625 0.771875 0.1015625 0.125
3 0.83125 0.53125 0.10859375 0.109375
3 0.91796875 0.48671875 0.1015625 0.0890625