3 0.23203125 0.93203125 0.15234375 0.1359375
3 0.23359375 0.72109375 0.07890625 0.1515625
3 0.38359375 0.6890625 0.10234375 0.13671875
3 0.04765625 0.8203125 0.0953125 0.13125
3 0.040625 0.671875 0.08125 0.121875
3 0.425 0.484375 0.09140625 0.10625
3 0.48125 0.56875 0.09453125 0.1046875
3 0.578125 0.615625 0.14140625 0.17265625
3 0.78046875 0.7359375 0.05390625 0.15234375
3 0.865625 0.74765625 0.09765625 0.2046875
3 0.76953125 0.59921875 0.065625 0.1421875
3 0.728125 0.48203125 0.1078125 0.1078125
3 0.82578125 0.44375 0.0625 0.11015625
3 0.925 0.53125 0.1125 0.121875
3 0.64296875 0.39921875 0.078125 0.15703125
3 0.4390625 0.36953125 0.0703125 0.0796875
3 0.36015625 0.34609375 0.06875 0.09140625
3 0.2359375 0.34921875 0.1734375 0.09765625
3 0.584375 0.28515625 0.121875 0.1
3 0.51640625 0.371875 0.06171875 0.0859375
3 0.53046875 0.471875 0.08125 0.109375
3 0.778125 0.31875 0.0953125 0.11640625
3 0.89140625 0.39921875 0.05390625 0.1
3 0.92890625 0.325 0.1203125 0.109375
3 0.690625 0.2421875 0.078125 0.11875