3 0.32265625 0.87578125 0.13515625 0.20390625
3 0.14921875 0.93125 0.1171875 0.1375
3 0.40234375 0.578125 0.1125 0.12734375
3 0.475 0.68515625 0.125 0.15390625
3 0.58984375 0.8125 0.2 0.24453125
3 0.66875 0.45546875 0.0890625 0.17578125
3 0.20859375 0.3796875 0.1984375 0.13984375
3 0.42421875 0.403125 0.08671875 0.11484375
3 0.58828125 0.30078125 0.1453125 0.14453125
3 0.88203125 0.50078125 0.0703125 0.08046875
3 0.97265625 0.63125 0.0546875 0.115625
3 0.78828125 0.609375 0.13671875 0.1375
3 0.84765625 0.74453125 0.10390625 0.178125
3 0.68359375 0.353125 0.05859375 0.125
3 0.82890625 0.36015625 0.096875 0.078125
3 0.959375 0.47734375 0.08125 0.11796875
3 0.94609375 0.35625 0.10703125 0.14296875
3 0.33046875 0.38984375 0.08359375 0.125