3 0.31484375 0.76484375 0.23984375 0.1984375
3 0.578125 0.62109375 0.221875 0.1390625
3 0.503125 0.51640625 0.18828125 0.13515625
3 0.45234375 0.409375 0.17734375 0.12265625
3 0.41171875 0.315625 0.16640625 0.1125
3 0.3890625 0.21171875 0.18515625 0.1015625
3 0.39296875 0.13828125 0.15625 0.10390625
3 0.41484375 0.04921875 0.11015625 0.0796875
3 0.203125 0.32265625 0.1453125 0.109375
3 0.20546875 0.3921875 0.19140625 0.1140625
3 0.24375 0.48125 0.21015625 0.1484375
3 0.29765625 0.6015625 0.18671875 0.19453125
3 0.22890625 0.91171875 0.2015625 0.1765625
3 0.6265625 0.8921875 0.21171875 0.21484375
3 0.725 0.753125 0.19375 0.221875
3 0.92734375 0.44296875 0.1453125 0.2296875
3 0.7859375 0.29296875 0.14609375 0.25859375
3 0.73515625 0.1109375 0.12265625 0.16171875
3 0.878125 0.0875 0.1546875 0.125
3 0.1765625 0.22421875 0.1546875 0.09453125
3 0.153125 0.14765625 0.10625 0.075
3 0.0765625 0.1109375 0.1125 0.1109375