3 0.353125 0.73671875 0.16484375 0.23828125
3 0.45078125 0.8984375 0.1671875 0.203125
3 0.1453125 0.48125 0.09375 0.1046875
3 0.32109375 0.4453125 0.053125 0.09140625
3 0.28671875 0.415625 0.0484375 0.1
3 0.2375 0.3859375 0.07734375 0.0890625
3 0.41171875 0.47109375 0.1 0.14375
3 0.51953125 0.56796875 0.0703125 0.103125
3 0.5171875 0.48125 0.0765625 0.15234375
3 0.68359375 0.84140625 0.15390625 0.18984375
3 0.6484375 0.75234375 0.0890625 0.13046875
3 0.534375 0.72421875 0.12578125 0.17734375
3 0.56484375 0.62890625 0.0890625 0.12265625
3 0.70390625 0.56015625 0.1171875 0.24609375
3 0.71328125 0.4046875 0.08671875 0.1375
3 0.59765625 0.33359375 0.17109375 0.15859375
3 0.96328125 0.61171875 0.0734375 0.13515625
3 0.86328125 0.4046875 0.1296875 0.15859375
3 0.88828125 0.27578125 0.09765625 0.10625
3 0.409375 0.26484375 0.0484375 0.06484375
3 0.29296875 0.2546875 0.0546875 0.07578125