3 0.48203125 0.75546875 0.3140625 0.17890625
3 0.753125 0.7015625 0.13828125 0.13125
3 0.89453125 0.64453125 0.12421875 0.09453125
3 0.84765625 0.54921875 0.14140625 0.09296875
3 0.7890625 0.590625 0.1578125 0.10703125
3 0.28203125 0.6734375 0.18984375 0.1625
3 0.39296875 0.5015625 0.1265625 0.065625
3 0.24609375 0.47421875 0.12109375 0.08125
3 0.16796875 0.44453125 0.1296875 0.0640625
3 0.10390625 0.4359375 0.0890625 0.06171875
3 0.51875 0.5734375 0.17109375 0.121875
3 0.58046875 0.515625 0.13515625 0.09609375
3 0.4875 0.475 0.09609375 0.08359375
3 0.57890625 0.46484375 0.09921875 0.0671875
3 0.36328125 0.4359375 0.103125 0.06875
3 0.2859375 0.40546875 0.08125 0.0859375