3 0.7546875 0.7109375 0.2234375 0.171875
3 0.50390625 0.66484375 0.171875 0.1453125
3 0.33671875 0.590625 0.153125 0.11875
3 0.28984375 0.5234375 0.115625 0.11015625
3 0.07421875 0.51484375 0.1484375 0.0921875
3 0.1296875 0.57109375 0.1734375 0.1140625
3 0.20703125 0.67109375 0.16875 0.15078125
3 0.52578125 0.5234375 0.14453125 0.10078125
3 0.46796875 0.46640625 0.12265625 0.08046875
3 0.5375 0.42421875 0.15546875 0.09296875
3 0.67890625 0.53125 0.1625 0.11640625
3 0.6703125 0.4703125 0.13671875 0.096875
3 0.775 0.45859375 0.1671875 0.15859375