3 0.6375 0.6578125 0.2703125 0.20625
3 0.8953125 0.2953125 0.13125 0.10859375
3 0.58515625 0.284375 0.1984375 0.1140625
3 0.6734375 0.20390625 0.1296875 0.10390625
3 0.70546875 0.1109375 0.1203125 0.06796875
3 0.9359375 0.09765625 0.12578125 0.07734375
3 0.1046875 0.15703125 0.07109375 0.08828125
3 0.22578125 0.14609375 0.1296875 0.08984375
3 0.29140625 0.415625 0.15234375 0.10625
3 0.43984375 0.5140625 0.17890625 0.12890625
3 0.25703125 0.68515625 0.2578125 0.19765625
3 0.0921875 0.6015625 0.1265625 0.1359375