3 0.765625 0.73671875 0.1796875 0.20234375
3 0.9125 0.55234375 0.15234375 0.11484375
3 0.18984375 0.67734375 0.16328125 0.17421875
3 0.53046875 0.68203125 0.115625 0.17109375
3 0.625 0.70078125 0.12734375 0.2171875
3 0.4046875 0.6703125 0.13671875 0.16875
3 0.76640625 0.5515625 0.103125 0.12890625
3 0.13984375 0.515625 0.0875 0.09375
3 0.06484375 0.534375 0.11328125 0.13828125
3 0.31953125 0.5796875 0.15 0.12265625
3 0.43984375 0.56953125 0.10625 0.1421875
3 0.70703125 0.415625 0.078125 0.07578125
3 0.76171875 0.41015625 0.078125 0.0859375
3 0.4765625 0.4171875 0.0859375 0.1
3 0.28671875 0.36953125 0.10703125 0.0859375
3 0.94453125 0.47578125 0.1109375 0.0953125
3 0.60234375 0.4921875 0.14453125 0.071875
3 0.51484375 0.559375 0.07890625 0.09765625
3 0.1375 0.4265625 0.14921875 0.08203125