3 0.2046875 0.9046875 0.153125 0.1203125
3 0.22109375 0.7859375 0.1734375 0.12578125
3 0.6015625 0.75 0.2078125 0.16171875
3 0.45546875 0.75859375 0.11015625 0.1453125
3 0.359375 0.653125 0.11953125 0.09453125
3 0.4984375 0.60546875 0.13984375 0.1125
3 0.33359375 0.57734375 0.13671875 0.08046875
3 0.4546875 0.5234375 0.16875 0.07265625
3 0.32890625 0.51328125 0.10390625 0.0640625
3 0.43984375 0.46796875 0.09453125 0.06015625
3 0.725 0.59609375 0.2171875 0.14296875
3 0.77265625 0.73203125 0.15390625 0.16796875