3 0.215625 0.59140625 0.18359375 0.1515625
3 0.6078125 0.74921875 0.37109375 0.3578125
3 0.65625 0.54921875 0.2265625 0.1484375
3 0.35 0.37578125 0.13671875 0.1109375
3 0.1515625 0.3921875 0.14921875 0.159375
3 0.56171875 0.41484375 0.09140625 0.0984375
3 0.71171875 0.45859375 0.16015625 0.1546875
3 0.5796875 0.359375 0.1203125 0.08125
3 0.79296875 0.39453125 0.2375 0.1796875
3 0.4640625 0.284375 0.13046875 0.10703125
3 0.30703125 0.2625 0.08203125 0.06640625
3 0.16953125 0.234375 0.18203125 0.09375
3 0.9296875 0.29375 0.08046875 0.06328125
3 0.9015625 0.25625 0.08671875 0.08203125
3 0.43359375 0.209375 0.065625 0.075
3 0.61484375 0.8171875 0.21328125 0.196875