3 0.78046875 0.84453125 0.23359375 0.14765625
3 0.95625 0.87890625 0.0875 0.1625
3 0.45703125 0.82421875 0.24140625 0.16640625
3 0.159375 0.8265625 0.2125 0.15
3 0.30703125 0.621875 0.19921875 0.1515625
3 0.09140625 0.60859375 0.1828125 0.1328125
3 0.128125 0.46953125 0.05078125 0.0578125
3 0.19140625 0.36875 0.05 0.0625
3 0.25859375 0.36328125 0.0484375 0.05078125
3 0.228125 0.30859375 0.04453125 0.0546875
3 0.68984375 0.525 0.14921875 0.14609375
3 0.878125 0.52734375 0.184375 0.1328125
3 0.3546875 0.434375 0.1890625 0.13359375
3 0.375 0.25078125 0.14609375 0.14765625
3 0.52109375 0.2578125 0.19375 0.11484375
3 0.596875 0.165625 0.18828125 0.090625
3 0.6875 0.2671875 0.13359375 0.1203125
3 0.69609375 0.3359375 0.20859375 0.1328125
3 0.85 0.3015625 0.15859375 0.10546875
3 0.8328125 0.37734375 0.2234375 0.1328125
3 0.2578125 0.128125 0.17109375 0.0890625
3 0.09375 0.128125 0.16171875 0.07421875
3 0.13359375 0.21484375 0.15390625 0.10859375
3 0.07734375 0.25078125 0.10546875 0.10546875
3 0.09296875 0.321875 0.09765625 0.10859375
3 0.053125 0.359375 0.10625 0.10859375
3 0.040625 0.42265625 0.08125 0.0984375
3 0.16484375 0.55859375 0.07578125 0.08515625
3 0.546875 0.64453125 0.22421875 0.14609375
3 0.7671875 0.63828125 0.19375 0.13671875
3 0.95859375 0.63125 0.0828125 0.121875
3 0.8953125 0.5875 0.053125 0.07734375
3 0.9921875 0.5265625 0.01484375 0.0859375
3 0.26796875 0.253125 0.03359375 0.0359375
3 0.4671875 0.475 0.20859375 0.13046875