3 0.95078125 0.3328125 0.046875 0.06484375
3 0.76875 0.23515625 0.046875 0.04765625
3 0.74453125 0.17421875 0.0375 0.05546875
3 0.79140625 0.11328125 0.05078125 0.0625
3 0.82578125 0.03671875 0.02890625 0.0375
3 0.7875 0.43671875 0.059375 0.06328125
3 0.73125 0.31171875 0.05859375 0.0578125
3 0.69296875 0.5109375 0.0859375 0.09609375
3 0.5671875 0.94453125 0.0609375 0.1078125
3 0.71796875 0.9359375 0.115625 0.12734375
3 0.3 0.86171875 0.09296875 0.0984375
3 0.20078125 0.52578125 0.0703125 0.0890625
3 0.01875 0.65859375 0.03359375 0.06484375
3 0.02578125 0.73828125 0.04765625 0.0671875
3 0.14296875 0.32265625 0.059375 0.06328125
3 0.10859375 0.25546875 0.040625 0.046875
3 0.2578125 0.19453125 0.0125 0.01484375
3 0.1796875 0.1734375 0.03046875 0.03515625
3 0.2578125 0.07265625 0.03828125 0.03359375
3 0.184375 0.1296875 0.02890625 0.03046875
3 0.02109375 0.1296875 0.0359375 0.02890625
3 0.40234375 0.075 0.07109375 0.040625
3 0.35234375 0.09453125 0.0265625 0.02890625
3 0.4046875 0.15390625 0.0421875 0.05546875
3 0.4375 0.2859375 0.075 0.0859375
3 0.5515625 0.23125 0.04609375 0.03515625
3 0.52578125 0.203125 0.06640625 0.04765625
3 0.57109375 0.42421875 0.0796875 0.05546875
3 0.49453125 0.47890625 0.05078125 0.0421875
3 0.371875 0.57109375 0.0515625 0.06328125
3 0.1828125 0.653125 0.07265625 0.09921875
3 0.3125 0.76796875 0.04375 0.07421875
3 0.2734375 0.72109375 0.05703125 0.04140625
3 0.47578125 0.75859375 0.05234375 0.0828125
3 0.41328125 0.6640625 0.0625 0.0875
3 0.53984375 0.6109375 0.053125 0.0765625
3 0.64921875 0.5765625 0.0390625 0.04140625
3 0.721875 0.60546875 0.03984375 0.06640625
3 0.64140625 0.18515625 0.04140625 0.05234375
3 0.63515625 0.13359375 0.04921875 0.0609375
3 0.59453125 0.12265625 0.04296875 0.05
3 0.590625 0.02890625 0.03515625 0.04609375
3 0.428125 0.75859375 0.03359375 0.0453125