3 0.568366809375 0.525969046875 0.5230049640625001 0.6006385375 0.548254559375 0.6503994359374999 0.6018872046875 0.5548770390625 0.568366809375 0.525969046875
3 0.371434490625 0.8703523625 0.2800914 0.71072941875 0.1332656734375 0.8615124171874999 0.183720265625 1 0.2566271 0.9993226296875 0.371434490625 0.8703523625
3 0.0806450578125 0.744177240625 0.002304890625 0.81125490625 0.0010341203125 0.9942952109375 0.189586309375 0.993038259375 0.0806450578125 0.744177240625
3 0.1946144203125 0.6457443328125 0.1594179671875 0.5728456109375 0.101835084375 0.6179253609375001 0.0328784890625 0.7048173671875 0.0772930046875 0.7513217109375 0.1946144203125 0.6457443328125
3 0.396875 0.79609375 0.04765625 0.0765625
3 0.284375 0.334375 0.125 0.109375
3 0.17734375 0.18984375 0.0484375 0.096875
3 0.56640625 0.33671875 0.10390625 0.103125
3 0.35703125 0.15 0.08515625 0.0890625
3 0.503125 0.14296875 0.0671875 0.0625
3 0.6172967265625 0.555064184375 0.5675288125 0.6897349187499999 0.6923922953125 0.7676610609375001 0.7384828375 0.629404934375 0.6172967265625 0.555064184375
3 0.6706039890625 0.45218573749999996 0.664442609375 0.4592008890625 0.6211613921875 0.569074996875 0.735130721875 0.64071681875 0.78038333125 0.51125881875 0.6706039890625 0.45218573749999996
3 0.9671875 0.2453125 0.065625 0.21328125
3 0.7116665484375 0.39185577656250004 0.7083144328125 0.39939702499999996 0.7074764984375 0.3956264125 0.682336203125 0.44464451250000003 0.78038333125 0.5250844125 0.80049551875 0.4609838625 0.7116665484375 0.39185577656250004
3 0.41640625 0.39453125 0.0828125 0.08203125