3 0.46171875 0.2671875 0.01953125 0.0296875
3 0.440625 0.33203125 0.03125 0.0421875
3 0.26953125 0.56953125 0.03515625 0.04453125
3 0.25703125 0.60234375 0.0421875 0.04765625
3 0.33203125 0.20390625 0.02109375 0.0515625
3 0.28671875 0.19453125 0.08671875 0.09140625
3 0.3171875 0.0546875 0.03671875 0.046875
3 0.40546875 0.1578125 0.06875 0.0625
3 0.39453125 0.1921875 0.046875 0.0484375
3 0.453125 0.159375 0.01796875 0.03984375
3 0.4390625 0.0984375 0.02890625 0.03828125
3 0.4 0.09453125 0.05625 0.0390625
3 0.3765625 0.046875 0.109375 0.09375
3 0.0234375 0.02421875 0.04609375 0.0484375
3 0.02109375 0.084375 0.0421875 0.071875
3 0.31875 0.625 0.09921875 0.1625
3 0.60859375 0.7484375 0.096875 0.1328125
3 0.6640625 0.79921875 0.0453125 0.10703125
3 0.9484375 0.97421875 0.103125 0.05078125
3 0.97109375 0.734375 0.0578125 0.09375
3 0.8109375 0.52265625 0.03515625 0.0421875
3 0.715625 0.503125 0.03046875 0.03984375
3 0.765625 0.4984375 0.07734375 0.08359375
3 0.621875 0.53125 0.07890625 0.09921875
3 0.578125 0.46328125 0.02109375 0.0296875
3 0.55546875 0.2140625 0.0703125 0.0625
3 0.521875 0.0359375 0.02578125 0.03359375
3 0.56484375 0.03359375 0.05703125 0.06484375
3 0.61875 0.0125 0.03515625 0.021875
3 0.53125 0.09453125 0.034375 0.04765625
3 0.7546875 0.090625 0.0515625 0.04765625
3 0.95703125 0.08359375 0.02578125 0.06875
3 0.91796875 0.10703125 0.0546875 0.0828125
3 0.77109375 0.3203125 0.06484375 0.09609375
3 0.8203125 0.34375 0.02265625 0.0359375
3 0.9015625 0.3671875 0.059375 0.08203125
3 0.84609375 0.2390625 0.075 0.08515625
3 0.7125 0.37421875 0.05703125 0.08203125
3 0.6453125 0.3515625 0.05625 0.09375
3 0.5734375 0.325 0.0859375 0.0828125
3 0.3375 0.28359375 0.0609375 0.08203125
3 0.4 0.28359375 0.06015625 0.0984375
3 0.12578125 0.65234375 0.0296875 0.0375
3 0.1272243703125 0.72502155 0.099292328125 0.710845078125 0.0179608296875 0.9777326875 0.048889159375000005 0.9904715640624999 0.04466055 0.9912927781249999 0.053286643749999994 0.9919091359375001 0.1272243703125 0.72502155
3 0.0029898765625 0.9830682265625 0.17036834218750002 0.376025828125 0.091220590625 0.34612118281250004 0 0.6648192765625 0.0029898765625 0.9830682265625
3 0 0.316582553125 0.00125411875 0.625027603125 0.08211006875 0.347341603125 0 0.316582553125
3 0.1766882171875 0.047219753125 0.0974840734375 0.3325633828125 0.17264598281250002 0.3693034359375 0.2432526109375 0.0770922515625 0.1766882171875 0.047219753125
3 0.005239959375 0.3086396734375 0.084387709375 0.34110756875 0.1686601 0.0446243578125 0.09976171406249999 0.02070063125 0.005239959375 0.3086396734375
3 0.3681835203125 0.42006349375 0.3601535125 0.47697318906249997 0.46321643437500004 0.538491290625 0.47972923749999996 0.469283409375 0.3681835203125 0.42006349375
3 0.3675558359375 0.41289177187500004 0.20755213593750002 0.33086761249999996 0.193061421875 0.3741257265625 0.18249816562500001 0.40263877656249997 0.343071265625 0.4880805890625 0.3675558359375 0.41289177187500004
3 0.3077679734375 0.30950715156249997 0.21837089999999998 0.2693494765625 0.20018020625 0.3249829984375 0.195025128125 0.324032271875 0.2872692859375 0.37786069375000003 0.3077679734375 0.30950715156249997
3 0.368694634375 0.420581615625 0.3888279953125 0.361305884375 0.3009350921875 0.3112159953125 0.2787281625 0.374442940625 0.368694634375 0.420581615625
3 0.47567716562499995 0.3880138890625 0.38577688125 0.342829484375 0.362431153125 0.4180183015625 0.469479915625 0.46159362968749995 0.47567716562499995 0.3880138890625
3 0.7547335187499999 0.797180515625 0.7362989453125001 0.895745190625 0.8592911109375001 0.964953071875 0.8832062390625 0.854733078125 0.7547335187499999 0.797180515625
3 0.78320865625 0.7074416218749999 0.7602140734375 0.7932149421875 0.8758040015624999 0.8487521421875 0.8917473625 0.7607470468749999 0.78320865625 0.7074416218749999
3 0.67500313125 0.6486840109374999 0.6565817953125 0.7274247468749999 0.7659081546875 0.78894285 0.781851603125 0.7043554421875 0.67500313125 0.6486840109374999
3 0.5428256124999999 0.3379691421875 0.5262205359375 0.4157902125 0.6982740296875 0.5062896015625 0.7182033609375 0.43280959531249996 0.5428256124999999 0.3379691421875
3 0.539065971875 0.06539866875 0.5218551265625 0.1380042 0.6475619671875 0.2006337703125 0.67633241875 0.120532984375 0.539065971875 0.06539866875
3 0.68828125 0.18046875 0.03828125 0.0765625
3 0.6953125 0.12734375 0.0203125 0.03359375