3 0.82734375 0.9046875 0.3453125 0.16953125
3 0.6984375 0.603125 0.1953125 0.153125
3 0.853125 0.61640625 0.1296875 0.13046875
3 0.12109375 0.678125 0.18359375 0.1109375
3 0.21796875 0.85546875 0.2078125 0.1609375
3 0.23125 0.496875 0.1234375 0.0671875
3 0.3609375 0.4328125 0.11484375 0.078125
3 0.10859375 0.48828125 0.15234375 0.09765625
3 0.42890625 0.49296875 0.16875 0.0828125
3 0.46484375 0.61015625 0.2546875 0.125
3 0.2515625 0.428125 0.12109375 0.07109375
3 0.2765625 0.3578125 0.1578125 0.08515625
3 0.20625 0.38203125 0.1171875 0.0796875
3 0.50234375 0.41953125 0.178125 0.096875
3 0.5296875 0.33359375 0.11953125 0.078125
3 0.59296875 0.2734375 0.22421875 0.09921875
3 0.8203125 0.23671875 0.115625 0.10234375
3 0.79140625 0.46171875 0.171875 0.08984375
3 0.95234375 0.45390625 0.0953125 0.13828125
3 0.95390625 0.359375 0.0921875 0.0640625
3 0.74296875 0.796875 0.15625 0.11328125
3 0.35546875 0.31484375 0.11171875 0.0765625
3 0.18046875 0.15625 0.146875 0.08671875
3 0.72421875 0.07421875 0.11484375 0.053125
3 0.35 0.234375 0.07265625 0.0546875
3 0.59921875 0.51015625 0.1796875 0.1
3 0.66640625 0.43671875 0.103125 0.0625
3 0.1875 0.27421875 0.14296875 0.06796875
3 0.040625 0.271875 0.08125 0.0640625
3 0.0609375 0.42265625 0.0890625 0.059375