3 0.07421875 0.5953125 0.0796875 0.1
3 0.10390625 0.5578125 0.08671875 0.09921875
3 0.14609375 0.5109375 0.0875 0.11015625
3 0.1828125 0.478125 0.08046875 0.10625
3 0.225 0.44453125 0.0765625 0.1015625
3 0.26171875 0.40390625 0.078125 0.115625
3 0.31953125 0.3390625 0.08828125 0.14453125
3 0.4109375 0.246875 0.08671875 0.0953125
3 0.45546875 0.18515625 0.09609375 0.10078125
3 0.56875 0.26796875 0.06640625 0.07265625
3 0.6375 0.1640625 0.10390625 0.14375
3 0.809375 0.25546875 0.06796875 0.1109375
3 0.8859375 0.28984375 0.1265625 0.11015625
3 0.83828125 0.36015625 0.071875 0.109375
3 0.7671875 0.33359375 0.08515625 0.1140625
3 0.64375 0.28203125 0.0734375 0.10625
3 0.71171875 0.22265625 0.06484375 0.09296875
3 0.759375 0.23359375 0.05078125 0.09375
3 0.97578125 0.30546875 0.04765625 0.1109375
3 0.8390625 0.64453125 0.09140625 0.10078125
3 0.87109375 0.596875 0.0828125 0.07421875
3 0.90546875 0.54609375 0.07421875 0.09921875
3 0.9484375 0.4734375 0.06640625 0.0921875
3 0.98046875 0.4015625 0.03828125 0.08984375
3 0.46484375 0.3921875 0.07734375 0.0921875
3 0.4234375 0.4609375 0.08125 0.08203125
3 0.48515625 0.48515625 0.06953125 0.08125
3 0.5359375 0.41328125 0.0515625 0.06953125
3 0.5984375 0.44375 0.06796875 0.078125
3 0.69609375 0.56875 0.0765625 0.0875
3 0.73515625 0.49140625 0.0671875 0.08125
3 0.66796875 0.4828125 0.065625 0.0828125
3 0.61171875 0.52734375 0.075 0.109375
3 0.54765625 0.4953125 0.06484375 0.11171875
3 0.2796875 0.61171875 0.0671875 0.09609375
3 0.3484375 0.6328125 0.08515625 0.0765625
3 0.3296875 0.54296875 0.08359375 0.109375
3 0.403125 0.57734375 0.07421875 0.07421875
3 0.471875 0.6125 0.09453125 0.0984375
3 0.53828125 0.6328125 0.09609375 0.0953125
3 0.61640625 0.67109375 0.08671875 0.10703125
3 0.56015625 0.72421875 0.0921875 0.11640625
3 0.48515625 0.7125 0.0859375 0.1046875
3 0.4125 0.6796875 0.06640625 0.09140625
3 0.23828125 0.73046875 0.06171875 0.09296875
3 0.2984375 0.8171875 0.078125 0.13203125
3 0.41171875 0.815625 0.0875 0.08125
3 0.478125 0.8578125 0.0734375 0.0828125
3 0.39765625 0.92265625 0.1125 0.1515625
3 0.61875 0.93984375 0.084375 0.11953125
3 0.66953125 0.9171875 0.071875 0.11328125
3 0.70390625 0.8609375 0.071875 0.08828125
3 0.73046875 0.78515625 0.07265625 0.096875
3 0.76328125 0.71796875 0.06875 0.103125
3 0.79296875 0.94453125 0.0796875 0.1046875
3 0.81875 0.884375 0.08515625 0.11328125
3 0.86640625 0.83828125 0.07578125 0.12265625
3 0.896875 0.76796875 0.08046875 0.09609375
3 0.74140625 0.97265625 0.06484375 0.05390625
3 0.1703125 0.96328125 0.1 0.0734375
3 0.08359375 0.90234375 0.1015625 0.0890625
3 0.13046875 0.965625 0.1109375 0.06875
3 0.040625 0.83984375 0.06484375 0.09296875
3 0.04375 0.8171875 0.0875 0.09765625
3 0.03984375 0.71875 0.078125 0.17421875