3 0.2484375 0.6296875 0.2046875 0.1515625
3 0.0671875 0.67578125 0.134375 0.1734375
3 0.47734375 0.5421875 0.1125 0.16015625
3 0.91640625 0.7359375 0.1671875 0.27421875
3 0.76484375 0.6390625 0.17109375 0.15625
3 0.871875 0.56015625 0.13828125 0.16484375
3 0.8 0.4078125 0.11953125 0.084375
3 0.77265625 0.3234375 0.103125 0.07890625
3 0.61640625 0.48359375 0.1 0.10625
3 0.73046875 0.45390625 0.06796875 0.10625
3 0.5109375 0.3984375 0.06875 0.07421875
3 0.36484375 0.43984375 0.13125 0.07578125
3 0.17578125 0.478125 0.11875 0.090625
3 0.2453125 0.3734375 0.0984375 0.08125
3 0.540625 0.325 0.1015625 0.078125
3 0.08046875 0.36875 0.0640625 0.0609375
3 0.1109375 0.40703125 0.06640625 0.075