3 0.859375 0.709375 0.225 0.28984375
3 0.6828125 0.6765625 0.14765625 0.28515625
3 0.5296875 0.67109375 0.1390625 0.24765625
3 0.38671875 0.6765625 0.1515625 0.2234375
3 0.21015625 0.68515625 0.18671875 0.196875
3 0.08125 0.68046875 0.1609375 0.215625
3 0.07421875 0.340625 0.1484375 0.253125
3 0.21015625 0.340625 0.209375 0.23046875
3 0.378125 0.34453125 0.17734375 0.22734375
3 0.528125 0.34453125 0.15390625 0.2546875
3 0.68984375 0.34765625 0.15390625 0.2234375
3 0.8703125 0.271875 0.16953125 0.178125
3 0.86875 0.45390625 0.1796875 0.20859375