3 0.46328125 0.8828125 0.11015625 0.171875
3 0.378125 0.246875 0.07421875 0.1328125
3 0.56015625 0.928125 0.07578125 0.14375
3 0.04921875 0.8828125 0.0984375 0.234375
3 0.12109375 0.07578125 0.0890625 0.08828125
3 0.29609375 0.059375 0.08984375 0.11875
3 0.8640625 0.46875 0.05703125 0.0578125
3 0.83828125 0.4875 0.0953125 0.12109375
3 0.74375 0.58671875 0.07578125 0.10859375
3 0.8453125 0.56640625 0.1046875 0.09375
3 0.8046875 0.68828125 0.0484375 0.06953125
3 0.75703125 0.71640625 0.0453125 0.09921875
3 0.83515625 0.76875 0.0484375 0.10234375
3 0.81171875 0.82578125 0.05546875 0.08984375
3 0.73984375 0.79140625 0.0421875 0.0734375
3 0.62890625 0.97109375 0.04921875 0.0578125
3 0.61796875 0.8984375 0.025 0.05625
3 0.67890625 0.9484375 0.03671875 0.04921875
3 0.7078125 0.83359375 0.0421875 0.06796875
3 0.7140625 0.6796875 0.046875 0.04609375
3 0.65703125 0.83203125 0.05546875 0.04765625
3 0.63359375 0.71171875 0.0328125 0.04609375
3 0.62890625 0.77109375 0.01328125 0.04921875
3 0.65390625 0.76640625 0.04453125 0.0609375
3 0.590625 0.71875 0.065625 0.08984375
3 0.6234375 0.615625 0.0953125 0.12578125
3 0.4828125 0.16015625 0.05859375 0.1296875
3 0.51015625 0.125 0.0421875 0.21484375
3 0.584375 0.09375 0.04765625 0.1875
3 0.63203125 0.08203125 0.0453125 0.146875
3 0.684375 0.07265625 0.0515625 0.1453125
3 0.7390625 0.065625 0.0484375 0.128125
3 0.30390625 0.96171875 0.09921875 0.0765625
3 0.965625 0.63515625 0.06875 0.1671875
3 0.97109375 0.49609375 0.0578125 0.1546875
3 0.92109375 0.8796875 0.05390625 0.05625