3 0.58671875 0.54296875 0.128125 0.0953125
3 0.60703125 0.45078125 0.08203125 0.0890625
3 0.6515625 0.346875 0.0578125 0.04921875
3 0.46171875 0.24140625 0.0671875 0.0515625
3 0.7390625 0.484375 0.09921875 0.07421875
3 0.7734375 0.54765625 0.0703125 0.05390625
3 0.078125 0.40078125 0.10625 0.0703125
3 0.0265625 0.32421875 0.05078125 0.05390625
3 0.0453125 0.775 0.0875 0.14140625
3 0.26015625 0.5984375 0.10546875 0.0921875
3 0.01640625 0.26015625 0.03046875 0.05
3 0.1140625 0.9171875 0.15 0.159375