3 0.41171875 0.3921875 0.16171875 0.2890625
3 0.58515625 0.38671875 0.20546875 0.29921875
3 0.78828125 0.3390625 0.13125 0.2140625
3 0.89765625 0.7953125 0.1953125 0.27421875
3 0.71953125 0.79765625 0.18671875 0.30234375
3 0.40078125 0.759375 0.1953125 0.15546875
3 0.190625 0.83046875 0.18125 0.284375
3 0.396875 0.87578125 0.265625 0.24765625
3 0.25234375 0.1453125 0.2015625 0.2109375
3 0.45 0.12890625 0.165625 0.196875
3 0.19765625 0.37578125 0.19296875 0.284375
3 0.05859375 0.34609375 0.1171875 0.2765625
3 0.09375 0.11484375 0.1875 0.22890625
3 0.80390625 0.125 0.2078125 0.22734375
3 0.6296875 0.12578125 0.19921875 0.2390625
3 0.9421875 0.15 0.115625 0.28125
3 0.9015625 0.384375 0.11484375 0.24765625