3 0.596875 0.66796875 0.15078125 0.1015625
3 0.65625 0.74765625 0.1515625 0.10390625
3 0.7078125 0.85703125 0.1296875 0.1375
3 0.45234375 0.5328125 0.0984375 0.10546875
3 0.3328125 0.37109375 0.09609375 0.09921875
3 0.25703125 0.27109375 0.09765625 0.10234375
3 0.1515625 0.14375 0.12265625 0.12890625
3 0.26015625 0.18671875 0.06953125 0.065625
3 0.2609375 0.14296875 0.0625 0.05390625
3 0.41640625 0.06328125 0.15859375 0.1015625
3 0.7703125 0.76171875 0.0953125 0.0984375
3 0.721875 0.66484375 0.034375 0.0421875
3 0.9015625 0.88359375 0.0390625 0.0421875
3 0.83828125 0.5640625 0.16484375 0.0984375
3 0.83203125 0.7046875 0.04453125 0.05