3 0.7140625 0.8421875 0.09296875 0.04296875
3 0.66875 0.8 0.07109375 0.0453125
3 0.7421875 0.7296875 0.325 0.11953125
3 0.39140625 0.753125 0.175 0.07421875
3 0.3171875 0.71171875 0.15859375 0.084375
3 0.40703125 0.67890625 0.2828125 0.09609375
3 0.83359375 0.64375 0.33203125 0.12265625
3 0.1015625 0.56875 0.203125 0.146875
3 0.1546875 0.775 0.309375 0.13125
3 0.27109375 0.478125 0.27890625 0.078125
3 0.16953125 0.409375 0.16953125 0.06953125
3 0.19609375 0.440625 0.13125 0.05703125
3 0.7984375 0.52734375 0.25625 0.075
3 0.71171875 0.46171875 0.15859375 0.0828125
3 0.69140625 0.4140625 0.14453125 0.07578125
3 0.2890625 0.36328125 0.15390625 0.065625
3 0.31640625 0.3296875 0.15703125 0.0703125
3 0.23671875 0.28046875 0.09453125 0.0609375
3 0.07109375 0.33828125 0.1171875 0.046875
3 0.071875 0.3171875 0.13046875 0.04375
3 0.11640625 0.1875 0.0890625 0.046875
3 0.0203125 0.21171875 0.040625 0.0453125
3 0.16796875 0.16640625 0.11875 0.059375
3 0.40859375 0.13984375 0.1078125 0.05625
3 0.384375 0.2265625 0.11171875 0.06328125
3 0.2453125 0.2359375 0.12890625 0.0578125
3 0.303125 0.2484375 0.17109375 0.06875
3 0.17734375 0.234375 0.14296875 0.06328125
3 0.25078125 0.20625 0.1203125 0.07890625
3 0.7125 0.19140625 0.11484375 0.078125
3 0.52578125 0.109375 0.1453125 0.07578125
3 0.665625 0.0984375 0.0890625 0.0578125
3 0.59375 0.09140625 0.178125 0.08359375
3 0.30625 0.1203125 0.11171875 0.059375
3 0.7421875 0.26640625 0.13984375 0.05546875
3 0.74921875 0.2921875 0.165625 0.04609375
3 0.76171875 0.3109375 0.15390625 0.05625
3 0.7546875 0.34609375 0.1203125 0.06796875
3 0.85390625 0.38125 0.20390625 0.10859375
3 0.77578125 0.21171875 0.075 0.0609375
3 0.3828125 0.284375 0.17109375 0.04296875
3 0.2125 0.2921875 0.14296875 0.0546875
3 0.60625 0.4890625 0.1375 0.0734375
3 0.87734375 0.28828125 0.14296875 0.04765625