3 0.484375 0.090625 0.29921875 0.1625
3 0.12578125 0.17265625 0.2484375 0.115625
3 0.03984375 0.29140625 0.0796875 0.18671875
3 0.19921875 0.33359375 0.31640625 0.13203125
3 0.38671875 0.3265625 0.1375 0.09375
3 0.60390625 0.35390625 0.22109375 0.0640625
3 0.48828125 0.37734375 0.10234375 0.04375
3 0.66484375 0.15703125 0.14609375 0.0765625
3 0.615625 0.2265625 0.2078125 0.09296875
3 0.434375 0.21328125 0.1375 0.06171875
3 0.3109375 0.17421875 0.27578125 0.08984375
3 0.328125 0.24296875 0.26171875 0.10390625
3 0.75078125 0.19296875 0.16875 0.06171875
3 0.915625 0.10859375 0.10390625 0.05078125
3 0.81328125 0.14921875 0.1328125 0.08828125
3 0.190625 0.028125 0.078125 0.03125
3 0.26875 0.02265625 0.10546875 0.0453125
3 0.4203125 0.01640625 0.19765625 0.0328125