3 0.9640625 0.9 0.071875 0.2
3 0.81796875 0.765625 0.18359375 0.23671875
3 0.45 0.61875 0.09765625 0.17890625
3 0.5453125 0.64296875 0.13125 0.18046875
3 0.57578125 0.58671875 0.05859375 0.0890625
3 0.659375 0.62265625 0.134375 0.12734375
3 0.62109375 0.66484375 0.08515625 0.103125
3 0.8171875 0.5734375 0.12890625 0.12109375
3 0.79375 0.4453125 0.09453125 0.0859375
3 0.73046875 0.52890625 0.0765625 0.1125
3 0.584375 0.46015625 0.15390625 0.15234375
3 0.7625 0.28046875 0.0828125 0.13125
3 0.22734375 0.4546875 0.096875 0.190625
3 0.346875 0.50859375 0.09140625 0.16875
3 0.1 0.159375 0.12421875 0.115625
3 0.2046875 0.1671875 0.065625 0.06171875
3 0.38984375 0.275 0.1203125 0.09453125
3 0.46875 0.21015625 0.13125 0.13125
3 0.61875 0.2375 0.1015625 0.0796875
3 0.6015625 0.278125 0.13671875 0.1125
3 0.37578125 0.38984375 0.06640625 0.10703125
3 0.45078125 0.36796875 0.11484375 0.14140625
3 0.4859375 0.4140625 0.09375 0.10546875
3 0.2984375 0.33046875 0.08515625 0.1015625
3 0.20859375 0.29140625 0.06875 0.09921875
3 0.278125 0.1953125 0.09453125 0.09609375
3 0.96875 0.40546875 0.06171875 0.2796875