3 0.396875 0.8859375 0.1453125 0.1625
3 0.5140625 0.84453125 0.13984375 0.1578125
3 0.50234375 0.7359375 0.153125 0.1125
3 0.54375 0.66484375 0.13671875 0.1109375
3 0.61171875 0.8140625 0.121875 0.159375
3 0.78828125 0.903125 0.115625 0.134375
3 0.6984375 0.9484375 0.0921875 0.07578125
3 0.91640625 0.89921875 0.11328125 0.16796875
3 0.93203125 0.63984375 0.1359375 0.13046875
3 0.94921875 0.79375 0.10078125 0.1375
3 0.9671875 0.8890625 0.065625 0.10625
3 0.83203125 0.67109375 0.125 0.11796875
3 0.7515625 0.6359375 0.1046875 0.12578125
3 0.60078125 0.60078125 0.1625 0.14921875
3 0.6359375 0.46015625 0.1578125 0.1109375
3 0.7734375 0.4578125 0.10859375 0.11875
3 0.815625 0.56328125 0.09921875 0.10546875
3 0.5578125 0.25078125 0.1859375 0.0828125
3 0.8546875 0.3296875 0.1078125 0.07265625
3 0.73046875 0.353125 0.11953125 0.06875
3 0.95234375 0.4578125 0.0953125 0.0875
3 0.87734375 0.26171875 0.184375 0.0859375
3 0.92890625 0.228125 0.10703125 0.096875
3 0.88671875 0.1296875 0.06953125 0.071875