3 0.04375 0.72265625 0.0875 0.3046875
3 0.88046875 0.84609375 0.20625 0.1609375
3 0.85859375 0.4046875 0.12578125 0.090625
3 0.93671875 0.46328125 0.1265625 0.1609375
3 0.96015625 0.3953125 0.0796875 0.06328125
3 0.853125 0.20234375 0.1203125 0.05546875
3 0.80078125 0.65 0.25 0.15078125
3 0.7625 0.54296875 0.12109375 0.0859375
3 0.65078125 0.50703125 0.11328125 0.11796875
3 0.73828125 0.75078125 0.10078125 0.1140625
3 0.86640625 0.49140625 0.071875 0.0765625
3 0.9421875 0.603125 0.11484375 0.13828125