3 0.8828125 0.7765625 0.23359375 0.23203125
3 0.828125 0.59140625 0.2109375 0.26796875
3 0.828125 0.46015625 0.2734375 0.2328125
3 0.7328125 0.3546875 0.1453125 0.1625
3 0.71640625 0.278125 0.13125 0.11875
3 0.6921875 0.20546875 0.14921875 0.09296875
3 0.65078125 0.109375 0.16328125 0.140625
3 0.221875 0.2203125 0.2484375 0.2625
3 0.13515625 0.53828125 0.2703125 0.3296875
3 0.1828125 0.37421875 0.24140625 0.1734375
3 0.1015625 0.81796875 0.203125 0.35390625
3 0.903125 0.13984375 0.09921875 0.1140625
3 0.8125 0.14921875 0.0703125 0.08671875