3 0.2203125 0.57265625 0.19296875 0.13984375
3 0.3546875 0.54609375 0.16640625 0.1109375
3 0.47734375 0.5125 0.12109375 0.096875
3 0.565625 0.49921875 0.1265625 0.10078125
3 0.93359375 0.57421875 0.13203125 0.1265625
3 0.54609375 0.390625 0.115625 0.14765625
3 0.31640625 0.45 0.10078125 0.0875
3 0.21875 0.4609375 0.10859375 0.07265625
3 0.71640625 0.36796875 0.14375 0.0796875
3 0.64765625 0.3203125 0.13125 0.06953125
3 0.784375 0.4734375 0.13046875 0.09453125
3 0.94765625 0.45703125 0.1046875 0.1015625
3 0.84765625 0.32890625 0.171875 0.12109375
3 0.24140625 0.2984375 0.05625 0.05703125
3 0.2859375 0.3203125 0.0484375 0.05390625
3 0.3328125 0.3140625 0.05859375 0.053125