3 0.446875 0.7203125 0.1671875 0.24765625
3 0.0453125 0.88046875 0.090625 0.1140625
3 0.2140625 0.69140625 0.16171875 0.15546875
3 0.60546875 0.60390625 0.10078125 0.1796875
3 0.4640625 0.56484375 0.0953125 0.1296875
3 0.2828125 0.621875 0.1203125 0.153125
3 0.0484375 0.7515625 0.09609375 0.22421875
3 0.103125 0.70390625 0.12734375 0.08984375
3 0.05 0.56875 0.09921875 0.12890625
3 0.10078125 0.54609375 0.14140625 0.1234375
3 0.05390625 0.475 0.084375 0.09375
3 0.171875 0.48125 0.1171875 0.11328125
3 0.75546875 0.53359375 0.1125 0.1296875
3 0.9328125 0.60703125 0.134375 0.1859375
3 0.9296875 0.7640625 0.13984375 0.16015625
3 0.30546875 0.4578125 0.09765625 0.090625
3 0.3171875 0.48125 0.0828125 0.071875
3 0.3609375 0.5390625 0.0890625 0.11953125
3 0.2421875 0.55859375 0.10859375 0.1203125
3 0.45546875 0.440625 0.078125 0.06328125
3 0.51171875 0.44921875 0.046875 0.0546875
3 0.56484375 0.42890625 0.08515625 0.0765625
3 0.76875 0.4359375 0.11796875 0.08203125
3 0.86015625 0.5203125 0.103125 0.11875
3 0.59140625 0.54765625 0.14375 0.0953125