3 0.703125 0.8390625 0.15859375 0.31015625
3 0.559375 0.75859375 0.1703125 0.190625
3 0.39375 0.65546875 0.20625 0.21328125
3 0.27578125 0.5515625 0.234375 0.1671875
3 0.13671875 0.44375 0.20390625 0.21640625
3 0.61015625 0.46171875 0.13125 0.1171875
3 0.70546875 0.521875 0.1296875 0.10859375
3 0.846875 0.61015625 0.09453125 0.16796875
3 0.93984375 0.65078125 0.11484375 0.146875
3 0.640625 0.3421875 0.184375 0.14765625
3 0.540625 0.2859375 0.12734375 0.1203125
3 0.45703125 0.26171875 0.1140625 0.09609375
3 0.24296875 0.2734375 0.175 0.12578125
3 0.3546875 0.13984375 0.13125 0.13984375
3 0.50390625 0.078125 0.171875 0.10703125
3 0.68359375 0.11328125 0.1765625 0.12890625
3 0.59453125 0.17890625 0.11875 0.09296875
3 0.7484375 0.24453125 0.10390625 0.10625
3 0.8671875 0.42890625 0.134375 0.12265625