3 0.34921875 0.709375 0.22890625 0.20703125
3 0.6609375 0.64375 0.18125 0.1953125
3 0.70703125 0.8109375 0.13515625 0.16953125
3 0.86015625 0.740625 0.1625 0.18515625
3 0.9421875 0.58984375 0.115625 0.1796875
3 0.83984375 0.42890625 0.17890625 0.1140625
3 0.62734375 0.4625 0.2 0.15546875
3 0.4625 0.49140625 0.22109375 0.140625
3 0.23125 0.52421875 0.21484375 0.1515625
3 0.16875 0.396875 0.1703125 0.146875
3 0.33828125 0.3578125 0.22890625 0.1640625
3 0.56328125 0.34140625 0.20234375 0.1203125
3 0.7671875 0.29296875 0.1546875 0.13671875
3 0.79375 0.178125 0.15859375 0.121875
3 0.90625 0.271875 0.14375 0.125
3 0.94140625 0.17109375 0.1171875 0.1359375
3 0.909375 0.0515625 0.18046875 0.084375
3 0.74140625 0.0421875 0.146875 0.084375
3 0.6046875 0.08125 0.16328125 0.1234375
3 0.42265625 0.078125 0.18671875 0.09765625
3 0.22421875 0.14296875 0.20390625 0.17421875
3 0.05625 0.16640625 0.1125 0.1234375
3 0.06171875 0.30859375 0.1234375 0.11484375
3 0.22578125 0.2734375 0.21953125 0.121875
3 0.03984375 0.5671875 0.0796875 0.121875