3 0.51328125 0.7953125 0.19296875 0.19921875
3 0.4390625 0.51953125 0.165625 0.16328125
3 0.409375 0.2625 0.18984375 0.18515625
3 0.16875 0.375 0.2015625 0.12421875
3 0.1953125 0.478125 0.2125 0.14921875
3 0.21875 0.640625 0.19921875 0.15859375
3 0.19921875 0.80078125 0.16015625 0.17421875
3 0.6359375 0.92109375 0.1703125 0.1578125
3 0.86484375 0.8625 0.2203125 0.17109375
3 0.8015625 0.6703125 0.24765625 0.22734375
3 0.7046875 0.56796875 0.1890625 0.1515625
3 0.65625 0.36484375 0.16640625 0.1515625
3 0.5796875 0.25 0.128125 0.1296875
3 0.546875 0.13515625 0.18125 0.1125
3 0.79296875 0.14609375 0.19609375 0.14375
3 0.90859375 0.403125 0.1828125 0.1171875
3 0.85234375 0.34765625 0.1328125 0.12734375
3 0.940625 0.50078125 0.11875 0.16875