3 0.3625 0.65390625 0.07109375 0.0921875
3 0.41171875 0.5734375 0.06796875 0.0671875
3 0.5203125 0.68671875 0.14140625 0.06796875
3 0.52734375 0.76796875 0.16640625 0.078125
3 0.4671875 0.84765625 0.21484375 0.1015625
3 0.7796875 0.70078125 0.07421875 0.06015625
3 0.8125 0.8609375 0.1875 0.09453125
3 0.7765625 0.784375 0.09765625 0.05546875
3 0.78828125 0.6328125 0.14765625 0.08046875
3 0.775 0.56171875 0.09765625 0.0703125
3 0.07109375 0.6671875 0.078125 0.0734375
3 0.30859375 0.575 0.1046875 0.09453125
3 0.1203125 0.9125 0.10078125 0.16875
3 0.040625 0.8625 0.08125 0.18125
3 0.625 0.60546875 0.10703125 0.1015625
3 0.5140625 0.5734375 0.08046875 0.0671875
3 0.55625 0.5890625 0.05390625 0.05546875
3 0.6421875 0.48515625 0.06640625 0.06484375
3 0.571875 0.4859375 0.0703125 0.06953125
3 0.52890625 0.4921875 0.1046875 0.06953125
3 0.47578125 0.5078125 0.07890625 0.07109375