3 0.42578125 0.68515625 0.15625 0.140625
3 0.25703125 0.825 0.11953125 0.13046875
3 0.26640625 0.684375 0.11328125 0.12109375
3 0.16484375 0.8921875 0.14921875 0.18203125
3 0.59375 0.76484375 0.1328125 0.1796875
3 0.51953125 0.53984375 0.12734375 0.11171875
3 0.5375 0.4359375 0.12734375 0.1140625
3 0.5421875 0.35390625 0.09765625 0.0765625
3 0.4609375 0.27890625 0.10390625 0.090625
3 0.29765625 0.434375 0.1015625 0.1015625
3 0.37578125 0.38125 0.07421875 0.0859375
3 0.309375 0.3484375 0.0984375 0.06171875
3 0.35 0.28203125 0.0703125 0.06796875
3 0.11953125 0.51796875 0.06953125 0.0796875
3 0.0734375 0.4796875 0.07109375 0.08046875