3 0.4140625 0.8 0.10859375 0.225
3 0.21640625 0.7734375 0.1 0.20625
3 0.1203125 0.89765625 0.1078125 0.17734375
3 0.04453125 0.8140625 0.08828125 0.159375
3 0.4421875 0.94765625 0.14921875 0.1046875
3 0.5375 0.790625 0.08984375 0.19765625
3 0.640625 0.81015625 0.0546875 0.17421875
3 0.72109375 0.8078125 0.08984375 0.165625
3 0.91640625 0.73515625 0.1671875 0.2359375
3 0.79296875 0.49453125 0.10546875 0.20703125
3 0.60078125 0.484375 0.071875 0.128125
3 0.5109375 0.45625 0.08359375 0.15
3 0.2125 0.534375 0.0734375 0.115625
3 0.24140625 0.4671875 0.053125 0.08203125
3 0.11171875 0.4640625 0.10625 0.15390625
3 0.36640625 0.42265625 0.10703125 0.30546875
3 0.4140625 0.5265625 0.09296875 0.14140625
3 0.59765625 0.3515625 0.06953125 0.08828125
3 0.4109375 0.1734375 0.0796875 0.096875
3 0.4046875 0.04296875 0.06328125 0.0859375
3 0.5125 0.1828125 0.08515625 0.1625
3 0.60390625 0.10703125 0.065625 0.0984375
3 0.65234375 0.34921875 0.0625 0.10703125
3 0.653125 0.2546875 0.05546875 0.090625
3 0.87265625 0.44765625 0.065625 0.0984375
3 0.7796875 0.325 0.07421875 0.12890625
3 0.971875 0.48125 0.05625 0.12890625
3 0.92421875 0.1796875 0.06640625 0.096875
3 0.80390625 0.0578125 0.07890625 0.115625
3 0.871875 0.090625 0.08671875 0.0875
3 0.95 0.1015625 0.0671875 0.06953125