3 0.415625 0.64140625 0.08046875 0.0953125
3 0.3140625 0.65703125 0.13046875 0.13359375
3 0.18671875 0.71015625 0.12265625 0.09921875
3 0.215625 0.465625 0.05859375 0.07890625
3 0.1265625 0.6515625 0.11171875 0.0875
3 0.17734375 0.628125 0.065625 0.07890625
3 0.2125 0.56640625 0.1203125 0.06171875
3 0.1578125 0.29296875 0.11171875 0.0703125
3 0.403125 0.25390625 0.12109375 0.0578125
3 0.6203125 0.52890625 0.0453125 0.0578125
3 0.6625 0.50625 0.0671875 0.059375
3 0.64375 0.6390625 0.0609375 0.078125
3 0.771875 0.628125 0.0828125 0.0875
3 0.8625 0.73671875 0.0296875 0.0671875