3 0.14765625 0.87265625 0.17890625 0.1890625
3 0.08828125 0.271875 0.1765625 0.1875
3 0.1953125 0.171875 0.1640625 0.1125
3 0.29609375 0.0984375 0.12109375 0.10859375
3 0.3765625 0.034375 0.1265625 0.06875
3 0.203125 0.5015625 0.1171875 0.1
3 0.42109375 0.6109375 0.1625 0.159375
3 0.78671875 0.71015625 0.225 0.1546875
3 0.63515625 0.60703125 0.340625 0.14609375
3 0.60703125 0.5015625 0.284375 0.13125
3 0.67578125 0.38203125 0.096875 0.1390625
3 0.59921875 0.17734375 0.396875 0.2296875
3 0.92421875 0.23828125 0.1515625 0.1953125
3 0.096875 0.0390625 0.19375 0.078125
3 0.62578125 0.0578125 0.196875 0.115625