3 0.8125 0.70234375 0.0828125 0.08515625
3 0.8703125 0.56953125 0.0484375 0.078125
3 0.92734375 0.578125 0.08984375 0.06953125
3 0.88125 0.48046875 0.0875 0.0921875
3 0.7953125 0.50234375 0.12265625 0.07265625
3 0.71953125 0.6140625 0.13125 0.10625
3 0.7578125 0.5546875 0.08125 0.078125
3 0.6875 0.76640625 0.109375 0.1015625
3 0.653125 0.85390625 0.10078125 0.084375
3 0.7796875 0.88203125 0.09765625 0.08984375
3 0.86640625 0.92421875 0.0640625 0.12578125
3 0.95390625 0.93125 0.07421875 0.06484375
3 0.9484375 0.871875 0.06875 0.06875
3 0.22265625 0.515625 0.08046875 0.0625
3 0.15546875 0.55546875 0.09140625 0.0609375
3 0.12578125 0.734375 0.09140625 0.0984375
3 0.06171875 0.6609375 0.08046875 0.0703125
3 0.090625 0.61953125 0.0859375 0.06953125
3 0.42109375 0.896875 0.078125 0.07734375
3 0.0390625 0.809375 0.078125 0.0890625
3 0.53515625 0.6734375 0.06953125 0.05078125
3 0.434375 0.72578125 0.08125 0.0890625
3 0.50078125 0.7765625 0.090625 0.109375
3 0.5609375 0.8109375 0.0578125 0.096875
3 0.31484375 0.67578125 0.0875 0.07890625
3 0.25078125 0.76875 0.10703125 0.11015625
3 0.221875 0.84453125 0.05859375 0.08671875
3 0.15 0.91640625 0.08046875 0.06484375
3 0.45234375 0.4671875 0.04453125 0.0890625
3 0.4890625 0.428125 0.078125 0.0734375
3 0.53671875 0.5828125 0.09609375 0.0734375
3 0.57109375 0.52890625 0.07421875 0.075