3 0.1796875 0.57109375 0.0703125 0.07421875
3 0.07421875 0.59609375 0.078125 0.0546875
3 0.184375 0.9453125 0.1421875 0.10859375
3 0.3546875 0.94140625 0.08671875 0.11640625
3 0.284375 0.96171875 0.1078125 0.07109375
3 0.63125 0.70859375 0.0859375 0.1015625
3 0.26015625 0.5890625 0.06640625 0.071875
3 0.55 0.5015625 0.0453125 0.065625
3 0.625 0.4328125 0.0734375 0.06328125
3 0.96171875 0.53359375 0.071875 0.0859375
3 0.971875 0.80625 0.05546875 0.096875
3 0.86171875 0.6875 0.075 0.10078125
3 0.56640625 0.325 0.05625 0.11328125
3 0.646875 0.94765625 0.1609375 0.1046875