3 0.61171875 0.84609375 0.109375 0.13046875
3 0.60390625 0.72578125 0.11484375 0.1
3 0.3890625 0.634375 0.09765625 0.0546875
3 0.49375 0.4796875 0.1296875 0.08515625
3 0.68046875 0.7203125 0.071875 0.0828125
3 0.73984375 0.71328125 0.09609375 0.13515625
3 0.8328125 0.91640625 0.08828125 0.12734375
3 0.71015625 0.946875 0.07109375 0.10625
3 0.72734375 0.81328125 0.0828125 0.09296875
3 0.834375 0.7734375 0.0828125 0.13203125
3 0.9203125 0.77265625 0.1203125 0.109375
3 0.8046875 0.69296875 0.0859375 0.0546875
3 0.5921875 0.62109375 0.08359375 0.07265625
3 0.646875 0.61171875 0.0515625 0.0953125
3 0.67578125 0.596875 0.06171875 0.065625
3 0.63515625 0.44453125 0.06328125 0.06640625