3 0.4515625 0.68046875 0.10625 0.17265625
3 0.3296875 0.68203125 0.1265625 0.25078125
3 0.21015625 0.6703125 0.13125 0.1796875
3 0.24921875 0.37890625 0.115625 0.11953125
3 0.3515625 0.4015625 0.0828125 0.1015625
3 0.3234375 0.29375 0.11328125 0.08515625
3 0.8796875 0.875 0.13828125 0.24375
3 0.96015625 0.61875 0.0796875 0.1328125
3 0.61171875 0.4890625 0.1578125 0.196875
3 0.49375 0.4796875 0.09453125 0.15625
3 0.7515625 0.25625 0.09375 0.121875
3 0.66171875 0.16640625 0.1171875 0.125
3 0.2046875 0.15625 0.0984375 0.07421875
3 0.09375 0.25390625 0.09609375 0.09140625