3 0.43828125 0.80625 0.18125 0.26875
3 0.0953125 0.478125 0.10234375 0.17734375
3 0.25234375 0.24609375 0.05546875 0.05625
3 0.609375 0.5921875 0.19375 0.2875
3 0.8265625 0.61953125 0.15859375 0.26171875
3 0.8625 0.8671875 0.13125 0.24375
3 0.9421875 0.48828125 0.115625 0.10546875
3 0.7296875 0.440625 0.1359375 0.15625
3 0.60390625 0.434375 0.11640625 0.13203125
3 0.31953125 0.5625 0.1421875 0.15390625
3 0.0734375 0.77734375 0.146875 0.265625
3 0.45078125 0.4796875 0.11015625 0.13828125
3 0.44921875 0.5703125 0.14375 0.1390625