3 0.846875 0.8640625 0.1203125 0.15
3 0.3734375 0.71640625 0.06953125 0.07890625
3 0.45546875 0.715625 0.0953125 0.1171875
3 0.56875 0.71796875 0.10546875 0.1015625
3 0.6703125 0.84296875 0.11875 0.1078125
3 0.06640625 0.6828125 0.11015625 0.08671875
3 0.11875 0.61484375 0.128125 0.08984375
3 0.3046875 0.5078125 0.09765625 0.08203125
3 0.19375 0.5109375 0.0890625 0.075
3 0.6515625 0.9671875 0.2140625 0.06484375
3 0.14609375 0.41328125 0.06640625 0.06875
3 0.05546875 0.5 0.0765625 0.0890625
3 0.08984375 0.45703125 0.07890625 0.06875