3 0.090625 0.78359375 0.1296875 0.1921875
3 0.10625 0.959375 0.1390625 0.08125
3 0.13984375 0.88671875 0.115625 0.0859375
3 0.053125 0.92265625 0.0859375 0.08671875
3 0.38046875 0.94296875 0.1125 0.09921875
3 0.4625 0.85703125 0.0296875 0.0734375
3 0.76484375 0.9421875 0.084375 0.06640625
3 0.7875 0.90390625 0.10859375 0.0734375
3 0.92109375 0.9375 0.084375 0.05703125
3 0.66796875 0.965625 0.078125 0.06796875
3 0.46640625 0.95 0.08125 0.05625
3 0.5125 0.9171875 0.0484375 0.09453125
3 0.5875 0.88515625 0.0578125 0.0828125
3 0.60859375 0.8234375 0.0375 0.05625
3 0.64140625 0.86796875 0.05 0.05078125
3 0.6234375 0.334375 0.12109375 0.1375
3 0.1765625 0.48046875 0.24296875 0.1171875
3 0.29453125 0.4015625 0.04453125 0.06875
3 0.36015625 0.40546875 0.090625 0.05234375
3 0.85703125 0.28046875 0.175 0.08359375
3 0.71015625 0.28203125 0.12265625 0.0984375
3 0.49140625 0.2796875 0.071875 0.10078125