3 0.6265625 0.8703125 0.07109375 0.0875
3 0.38203125 0.67734375 0.115625 0.09609375
3 0.4375 0.7171875 0.12265625 0.10546875
3 0.4734375 0.55234375 0.0828125 0.0765625
3 0.53359375 0.571875 0.08671875 0.075
3 0.7125 0.4890625 0.04921875 0.071875
3 0.7578125 0.525 0.0703125 0.075
3 0.86328125 0.51953125 0.078125 0.06328125
3 0.7953125 0.4859375 0.0734375 0.065625
3 0.1890625 0.4578125 0.08046875 0.10625
3 0.25078125 0.3171875 0.053125 0.06953125
3 0.35234375 0.25703125 0.07890625 0.0484375
3 0.07890625 0.3703125 0.071875 0.07890625
3 0.121875 0.37734375 0.05859375 0.0515625
3 0.6671875 0.77109375 0.08671875 0.0890625
3 0.55625 0.74453125 0.0890625 0.09296875
3 0.25390625 0.43515625 0.08828125 0.0609375
3 0.6171875 0.44453125 0.06171875 0.0640625
3 0.79921875 0.14609375 0.13125 0.0765625
3 0.88125 0.05078125 0.0859375 0.1015625
3 0.16015625 0.13984375 0.125 0.0765625
3 0.37265625 0.5203125 0.065625 0.05625