3 0.60390625 0.24140625 0.153125 0.2796875
3 0.43359375 0.3859375 0.096875 0.09453125
3 0.46171875 0.3234375 0.06640625 0.0875
3 0.27890625 0.27421875 0.146875 0.1546875
3 0.17265625 0.27421875 0.165625 0.15234375
3 0.08125 0.53203125 0.1578125 0.24140625
3 0.56796875 0.453125 0.06953125 0.065625
3 0.49296875 0.65390625 0.0875 0.08046875
3 0.53125 0.6796875 0.06328125 0.078125
3 0.478125 0.8671875 0.14296875 0.13203125
3 0.76015625 0.8453125 0.1375 0.175
3 0.61015625 0.48515625 0.06640625 0.06796875
3 0.65390625 0.51640625 0.06875 0.08671875
3 0.70234375 0.53828125 0.084375 0.1078125
3 0.7640625 0.5640625 0.13671875 0.13828125
3 0.81640625 0.60859375 0.13203125 0.14609375
3 0.90703125 0.6921875 0.103125 0.121875
3 0.87265625 0.603125 0.08828125 0.084375
3 0.8703125 0.93828125 0.146875 0.1234375
3 0.18125 0.68359375 0.11953125 0.1171875
3 0.12109375 0.87578125 0.128125 0.15234375
3 0.26640625 0.78125 0.09453125 0.10390625
3 0.7 0.2546875 0.0828125 0.0875