3 0.57578125 0.89140625 0.146875 0.1234375
3 0.79140625 0.8734375 0.08515625 0.05390625
3 0.8109375 0.94453125 0.0640625 0.06484375
3 0.7640625 0.75546875 0.0765625 0.0734375
3 0.73984375 0.68046875 0.10546875 0.0796875
3 0.7265625 0.58203125 0.078125 0.0609375
3 0.72890625 0.53203125 0.0953125 0.05703125
3 0.61328125 0.66796875 0.1234375 0.0671875
3 0.4828125 0.6203125 0.10234375 0.07109375
3 0.5265625 0.5328125 0.0875 0.05546875
3 0.4234375 0.47578125 0.0671875 0.078125
3 0.3359375 0.446875 0.103125 0.1015625
3 0.2375 0.35703125 0.096875 0.06875
3 0.1546875 0.53359375 0.065625 0.06484375
3 0.15 0.63125 0.0734375 0.06796875
3 0.0765625 0.66015625 0.05859375 0.04296875
3 0.1578125 0.84453125 0.11328125 0.075
3 0.6109375 0.35625 0.0671875 0.06484375
3 0.925 0.753125 0.08515625 0.090625
3 0.86328125 0.8875 0.0578125 0.06953125
3 0.91484375 0.87421875 0.06796875 0.0953125
3 0.809375 0.684375 0.0859375 0.103125
3 0.8578125 0.67734375 0.05859375 0.0734375
3 0.59140625 0.21875 0.1296875 0.10625
3 0.69765625 0.23671875 0.05703125 0.09453125