3 0.834375 0.54296875 0.14140625 0.228125
3 0.6859375 0.73125 0.11875 0.171875
3 0.7 0.56640625 0.1875 0.22421875
3 0.6078125 0.1703125 0.09375 0.11171875
3 0.16328125 0.42734375 0.190625 0.1421875
3 0.3234375 0.3984375 0.090625 0.11171875
3 0.39453125 0.41328125 0.075 0.0890625
3 0.484375 0.5265625 0.1296875 0.1421875
3 0.36640625 0.52578125 0.13359375 0.128125
3 0.26796875 0.5328125 0.07265625 0.1125
3 0.46484375 0.63359375 0.0640625 0.11015625
3 0.475 0.7953125 0.08125 0.19453125
3 0.3671875 0.725 0.090625 0.103125
3 0.4234375 0.7515625 0.07421875 0.1203125
3 0.53046875 0.85390625 0.1078125 0.12890625