3 0.8234375 0.653125 0.09140625 0.0671875
3 0.678125 0.69453125 0.078125 0.08203125
3 0.3234375 0.7515625 0.140625 0.12734375
3 0.5734375 0.8 0.0484375 0.0796875
3 0.17109375 0.646875 0.1703125 0.08203125
3 0.35703125 0.66015625 0.25703125 0.09765625
3 0.690625 0.5828125 0.10703125 0.10625
3 0.58046875 0.5890625 0.1046875 0.0765625
3 0.39453125 0.2984375 0.14921875 0.07890625
3 0.4703125 0.25 0.11953125 0.09140625
3 0.071875 0.49609375 0.07421875 0.0703125
3 0.10703125 0.5734375 0.06640625 0.0875
3 0.1671875 0.5296875 0.08671875 0.0890625
3 0.13203125 0.4859375 0.07890625 0.05546875
3 0.415625 0.52578125 0.07421875 0.05703125
3 0.41015625 0.484375 0.1046875 0.08125
3 0.484375 0.60859375 0.0953125 0.084375
3 0.4828125 0.515625 0.08984375 0.09296875
3 0.2953125 0.528125 0.0953125 0.10703125
3 0.11328125 0.81953125 0.06484375 0.06796875
3 0.0359375 0.75390625 0.06328125 0.0828125
3 0.05546875 0.63515625 0.1 0.0875
3 0.60390625 0.45546875 0.05078125 0.0640625
3 0.209375 0.31640625 0.08046875 0.06953125
3 0.325 0.46328125 0.06171875 0.07109375
3 0.36015625 0.4171875 0.04921875 0.0578125
3 0.4234375 0.4140625 0.04765625 0.05859375
3 0.64453125 0.421875 0.0875 0.07109375
3 0.61328125 0.31640625 0.05390625 0.0390625
3 0.67421875 0.34921875 0.06015625 0.0671875
3 0.77890625 0.34609375 0.04921875 0.0515625
3 0.575 0.23125 0.07578125 0.040625
3 0.2078125 0.3953125 0.06640625 0.06953125
3 0.178125 0.75703125 0.10390625 0.10859375
3 0.0484375 0.8765625 0.05625 0.07109375