3 0.46640625 0.82109375 0.128125 0.21171875
3 0.065625 0.7234375 0.0921875 0.121875
3 0.04375 0.61640625 0.05546875 0.0921875
3 0.09296875 0.60703125 0.07890625 0.1203125
3 0.14296875 0.61640625 0.065625 0.10078125
3 0.3125 0.65390625 0.1171875 0.09921875
3 0.33515625 0.7421875 0.071875 0.14375
3 0.43203125 0.7265625 0.125 0.128125
3 0.6890625 0.7390625 0.2140625 0.184375
3 0.8234375 0.7734375 0.0921875 0.128125
3 0.84765625 0.6359375 0.190625 0.1625
3 0.92578125 0.67421875 0.14765625 0.13984375
3 0.02734375 0.434375 0.05390625 0.2625
3 0.2640625 0.36015625 0.10546875 0.1890625
3 0.4390625 0.6125 0.1359375 0.115625
3 0.2890625 0.546875 0.1484375 0.08515625
3 0.634375 0.2546875 0.0890625 0.09453125
3 0.303125 0.228125 0.0671875 0.05703125
3 0.8265625 0.484375 0.10546875 0.08515625
3 0.659375 0.48828125 0.09921875 0.09609375
3 0.61640625 0.603125 0.10703125 0.07265625
3 0.41796875 0.509375 0.140625 0.096875
3 0.4234375 0.4171875 0.0890625 0.09140625
3 0.96484375 0.37265625 0.06953125 0.0890625
3 0.8046875 0.36484375 0.0734375 0.0734375
3 0.72265625 0.1859375 0.07265625 0.075