3 0.2234375 0.68125 0.0921875 0.08359375
3 0.296875 0.5296875 0.09609375 0.121875
3 0.2296875 0.38984375 0.1546875 0.1078125
3 0.225 0.49765625 0.0859375 0.09609375
3 0.1546875 0.46484375 0.1296875 0.1015625
3 0.0796875 0.659375 0.159375 0.321875
3 0.159375 0.28515625 0.1171875 0.09296875
3 0.04296875 0.32734375 0.0859375 0.10390625
3 0.72265625 0.29921875 0.11640625 0.24609375
3 0.38671875 0.290625 0.153125 0.25
3 0.56171875 0.475 0.365625 0.15625
3 0.8109375 0.25234375 0.1984375 0.1734375
3 0.8625 0.21796875 0.0796875 0.0765625
3 0.79296875 0.1515625 0.078125 0.0875
3 0.034375 0.215625 0.0640625 0.07421875
3 0.56484375 0.19375 0.1875 0.125