3 0.36875 0.803125 0.3234375 0.26953125
3 0.0875 0.78828125 0.17421875 0.29140625
3 0.31015625 0.39609375 0.17734375 0.1609375
3 0.88515625 0.6265625 0.2296875 0.40078125
3 0.19140625 0.36171875 0.175 0.1328125
3 0.07890625 0.3453125 0.134375 0.13125
3 0.06796875 0.21015625 0.10703125 0.0921875
3 0.14140625 0.21953125 0.115625 0.0859375
3 0.19453125 0.2328125 0.1 0.090625
3 0.29453125 0.2390625 0.1125 0.08203125
3 0.378125 0.25 0.0953125 0.07578125
3 0.67890625 0.3796875 0.12578125 0.134375
3 0.93828125 0.3328125 0.121875 0.10625
3 0.63203125 0.303125 0.103125 0.09765625
3 0.603125 0.2328125 0.0890625 0.08515625
3 0.86328125 0.26875 0.10078125 0.084375
3 0.77265625 0.21875 0.084375 0.078125
3 0.73359375 0.1671875 0.0875 0.084375
3 0.378125 0.190625 0.0640625 0.06328125
3 0.4421875 0.18515625 0.06640625 0.05390625