3 0.70546875 0.8140625 0.22265625 0.2625
3 0.90234375 0.72421875 0.16640625 0.225
3 0.75703125 0.49921875 0.10703125 0.12265625
3 0.45546875 0.54140625 0.1171875 0.171875
3 0.56953125 0.49765625 0.14140625 0.1703125
3 0.51640625 0.7984375 0.103125 0.178125
3 0.23984375 0.57890625 0.15078125 0.13515625
3 0.34375 0.8859375 0.1375 0.228125
3 0.075 0.67421875 0.14921875 0.13125
3 0.18515625 0.8984375 0.12265625 0.203125
3 0.30625 0.3890625 0.1390625 0.1546875
3 0.1125 0.39609375 0.1421875 0.18671875
3 0.65234375 0.3296875 0.11171875 0.15390625
3 0.54375 0.32734375 0.17578125 0.1421875
3 0.78515625 0.30078125 0.1484375 0.13125