3 0.153125 0.70703125 0.16796875 0.12734375
3 0.1484375 0.6125 0.20234375 0.14140625
3 0.0546875 0.42265625 0.09296875 0.08984375
3 0.1953125 0.4734375 0.0546875 0.06328125
3 0.24140625 0.48828125 0.084375 0.06484375
3 0.3421875 0.45859375 0.0828125 0.06484375
3 0.43125 0.50078125 0.1796875 0.15234375
3 0.7046875 0.4734375 0.2203125 0.13515625
3 0.93671875 0.46484375 0.06875 0.0734375
3 0.78359375 0.41484375 0.17578125 0.10234375
3 0.49765625 0.37890625 0.096875 0.0734375
3 0.60859375 0.4015625 0.17265625 0.1
3 0.1390625 0.4015625 0.09296875 0.053125
3 0.22578125 0.38046875 0.084375 0.06796875
3 0.15 0.30390625 0.06484375 0.0484375
3 0.6359375 0.35546875 0.06796875 0.06484375
3 0.95234375 0.403125 0.07890625 0.08203125