3 0.13671875 0.55390625 0.2734375 0.1390625
3 0.07890625 0.4640625 0.128125 0.08125
3 0.0828125 0.13359375 0.10234375 0.0796875
3 0.27109375 0.41640625 0.13125 0.1640625
3 0.225 0.48671875 0.1484375 0.18359375
3 0.94140625 0.409375 0.109375 0.1625
3 0.28203125 0.31171875 0.28515625 0.11796875
3 0.34765625 0.14375 0.27578125 0.09453125
3 0.5046875 0.1859375 0.11328125 0.11796875
3 0.7015625 0.325 0.1328125 0.12265625
3 0.9328125 0.24375 0.1234375 0.096875
3 0.77109375 0.1984375 0.1 0.115625
3 0.7484375 0.125 0.08984375 0.07265625
3 0.346875 0.0546875 0.0640625 0.078125
3 0.45703125 0.0515625 0.065625 0.0875
3 0.90078125 0.059375 0.11640625 0.071875