3 0.10546875 0.890625 0.175 0.16640625
3 0.346875 0.58671875 0.10234375 0.08984375
3 0.53671875 0.77109375 0.12265625 0.1046875
3 0.64140625 0.80078125 0.165625 0.16796875
3 0.621875 0.9546875 0.15234375 0.08125
3 0.45859375 0.94765625 0.13125 0.1046875
3 0.88125 0.84140625 0.1015625 0.17421875
3 0.86328125 0.73828125 0.08828125 0.10859375
3 0.5578125 0.609375 0.08671875 0.078125
3 0.39296875 0.7921875 0.10625 0.11875
3 0.1921875 0.7546875 0.1265625 0.11328125
3 0.7796875 0.9484375 0.12109375 0.103125
3 0.81015625 0.596875 0.15078125 0.146875
3 0.7828125 0.484375 0.08359375 0.084375
3 0.9375 0.5421875 0.1046875 0.09453125
3 0.5921875 0.49140625 0.18359375 0.09921875
3 0.06328125 0.56875 0.0875 0.09375
3 0.09453125 0.47734375 0.134375 0.0953125
3 0.31875 0.375 0.1921875 0.09375
3 0.44765625 0.32734375 0.121875 0.08671875
3 0.5375 0.253125 0.1171875 0.096875
3 0.37421875 0.4921875 0.15 0.115625