3 0.45 0.6796875 0.13671875 0.15625
3 0.34140625 0.49375 0.096875 0.14375
3 0.403125 0.56484375 0.00859375 0.00078125
3 0.56171875 0.625 0.146875 0.15625
3 0.496875 0.540625 0.12109375 0.12265625
3 0.2375 0.13984375 0.10234375 0.0953125
3 0.20625 0.2484375 0.13359375 0.10625
3 0.43359375 0.34375 0.07265625 0.09140625
3 0.36640625 0.22890625 0.11015625 0.13671875
3 0.646875 0.30625 0.0984375 0.09765625
3 0.803125 0.6109375 0.18671875 0.16640625
3 0.54375 0.91484375 0.08671875 0.08671875
3 0.725 0.203125 0.0984375 0.13203125
3 0.45390625 0.1234375 0.11015625 0.075
3 0.46640625 0.0609375 0.11953125 0.075
3 0.5765625 0.20703125 0.10859375 0.1203125
3 0.8328125 0.28359375 0.0953125 0.09296875
3 0.83046875 0.15390625 0.08203125 0.08359375
3 0.88984375 0.46796875 0.09453125 0.1234375
3 0.9640625 0.43125 0.071875 0.178125
3 0.959375 0.25703125 0.0703125 0.08359375
3 0.9640625 0.171875 0.07109375 0.07265625