3 0.47109375 0.70625 0.0953125 0.08046875
3 0.50234375 0.5953125 0.05546875 0.07578125
3 0.83203125 0.85 0.16640625 0.21015625
3 0.87890625 0.75546875 0.153125 0.1296875
3 0.91484375 0.69921875 0.13828125 0.10078125
3 0.94140625 0.553125 0.1 0.07109375
3 0.95234375 0.6171875 0.0953125 0.084375
3 0.53125 0.521875 0.0578125 0.06796875
3 0.5078125 0.4609375 0.05234375 0.06015625
3 0.50390625 0.346875 0.09296875 0.09375
3 0.60625 0.25859375 0.0421875 0.0453125
3 0.6390625 0.24609375 0.03359375 0.03984375
3 0.44921875 0.453125 0.04609375 0.0609375
3 0.415625 0.403125 0.06328125 0.0640625
3 0.36640625 0.375 0.065625 0.06015625
3 0.36640625 0.45078125 0.0625 0.0578125
3 0.3640625 0.6 0.08828125 0.07578125
3 0.2796875 0.67578125 0.08984375 0.07578125
3 0.29609375 0.76640625 0.078125 0.08984375
3 0.184375 0.71640625 0.0671875 0.1046875
3 0.24140625 0.62578125 0.05234375 0.08046875
3 0.209375 0.81328125 0.0796875 0.08515625
3 0.184375 0.921875 0.07578125 0.09140625
3 0.18671875 0.4140625 0.08203125 0.07578125
3 0.20234375 0.3625 0.071875 0.04609375