3 0.54921875 0.6953125 0.16640625 0.18359375
3 0.334375 0.821875 0.24453125 0.190625
3 0.21171875 0.665625 0.2453125 0.16796875
3 0.45703125 0.5203125 0.20078125 0.17109375
3 0.36015625 0.390625 0.19609375 0.13515625
3 0.30703125 0.31015625 0.21640625 0.15078125
3 0.64921875 0.50234375 0.23046875 0.16484375
3 0.5953125 0.38203125 0.1046875 0.1046875
3 0.83359375 0.42421875 0.134375 0.10625
3 0.93203125 0.51796875 0.1359375 0.13125
3 0.53046875 0.309375 0.1171875 0.1546875
3 0.46328125 0.2296875 0.153125 0.13125
3 0.07578125 0.34921875 0.1171875 0.1953125
3 0.20078125 0.15 0.14453125 0.12734375
3 0.38359375 0.1328125 0.17109375 0.159375
3 0.60859375 0.11953125 0.13984375 0.13046875
3 0.778125 0.16796875 0.1828125 0.1578125
3 0.69453125 0.28828125 0.171875 0.1703125
3 0.86328125 0.30703125 0.171875 0.1359375
3 0.95234375 0.8171875 0.0953125 0.196875
3 0.846875 0.9375 0.16953125 0.125
3 0.7078125 0.9453125 0.1890625 0.109375