3 0.50703125 0.4796875 0.15390625 0.11171875
3 0.54609375 0.621875 0.15390625 0.10625
3 0.52890625 0.559375 0.1671875 0.1
3 0.5578125 0.70546875 0.14140625 0.10546875
3 0.59375 0.7859375 0.159375 0.10078125
3 0.60546875 0.89375 0.209375 0.11640625
3 0.63984375 0.95703125 0.16484375 0.0859375
3 0.41328125 0.92578125 0.134375 0.1484375
3 0.35546875 0.53984375 0.11171875 0.1234375
3 0.24453125 0.525 0.090625 0.103125
3 0.0828125 0.48671875 0.1578125 0.115625
3 0.065625 0.5703125 0.13125 0.08515625
3 0.11875 0.72578125 0.209375 0.1140625
3 0.0875 0.65546875 0.17421875 0.08046875
3 0.11328125 0.82421875 0.15625 0.13203125
3 0.0703125 0.921875 0.140625 0.10625
3 0.3 0.9328125 0.146875 0.134375
3 0.459375 0.31953125 0.12734375 0.0515625
3 0.3015625 0.32109375 0.090625 0.12734375
3 0.2046875 0.32890625 0.1015625 0.1609375
3 0.09609375 0.3734375 0.140625 0.1
3 0.08125 0.3171875 0.15859375 0.07109375
3 0.0875 0.253125 0.17421875 0.0640625
3 0.07265625 0.19140625 0.14375 0.0671875
3 0.0890625 0.06640625 0.16171875 0.06171875
3 0.7390625 0.346875 0.121875 0.07109375
3 0.73125 0.28203125 0.128125 0.0609375
3 0.703125 0.20234375 0.15234375 0.07578125
3 0.6734375 0.14921875 0.140625 0.0453125
3 0.6609375 0.1015625 0.15859375 0.0609375
3 0.6484375 0.05 0.15078125 0.04765625
3 0.775 0.46796875 0.115625 0.09375
3 0.796875 0.53359375 0.109375 0.08671875
3 0.83046875 0.62109375 0.1578125 0.08515625
3 0.87890625 0.67890625 0.18828125 0.0734375
3 0.9109375 0.76015625 0.17734375 0.065625
3 0.9234375 0.865625 0.153125 0.11875
3 0.9234375 0.9515625 0.15234375 0.078125
3 0.353125 0.653125 0.0625 0.0515625
3 0.33828125 0.6109375 0.0546875 0.04296875
3 0.4203125 0.20625 0.13359375 0.08984375
3 0.96015625 0.490625 0.0796875 0.12109375
3 0.96953125 0.3 0.06015625 0.11484375
3 0.84296875 0.05625 0.09765625 0.11171875
3 0.96640625 0.08671875 0.06640625 0.06796875