3 0.6765625 0.875 0.10234375 0.159375
3 0.4734375 0.56484375 0.11875 0.14609375
3 0.58671875 0.71015625 0.14765625 0.2609375
3 0.671875 0.68125 0.09453125 0.115625
3 0.7640625 0.56328125 0.13984375 0.15234375
3 0.58828125 0.3984375 0.04609375 0.06015625
3 0.43110286249999996 0.015166946875 0.3404399703125 0.17598328593749998 0.5048516843749999 0.38035049062500004 0.605081315625 0.2194937140625 0.43110286249999996 0.015166946875
3 0.0390625 0.59375 0.078125 0.159375
3 0.0125 0.36796875 0.02421875 0.0890625
3 0.0921875 0.33203125 0.065625 0.0890625
3 0.13515625 0.52265625 0.14140625 0.1625
3 0.09453125 0.70390625 0.0671875 0.07421875
3 0.04921875 0.7640625 0.0953125 0.12421875
3 0.01953125 0.86640625 0.0390625 0.1796875
3 0.325 0.5921875 0.03203125 0.05234375
3 0.29375 0.5859375 0.03203125 0.0390625
3 0.36171875 0.37890625 0.11640625 0.16953125
3 0.44375 0.37421875 0.0390625 0.0546875
3 0.31796875 0.26484375 0.0484375 0.05546875
3 0.0914634953125 0.1037729359375 0.1539192390625 0.2005505640625 0.23073350312500002 0.12005348593750001 0.166875859375 0.032270035937500004 0.0914634953125 0.1037729359375
3 0.1805265921875 0.1502398921875 0.1386126109375 0.2117974390625 0.1684954484375 0.26161730625 0.20713394531249998 0.1953460125 0.1805265921875 0.1502398921875
3 0.20852216875 0.139483796875 0.192125796875 0.1630343546875 0.2177769 0.219633909375 0.24322741250000002 0.18979446875 0.20852216875 0.139483796875
3 0.2563407734375 0.26342360781249996 0.2735366375 0.2335127296875 0.2402196171875 0.18563085 0.2184710125 0.21685815156250002 0.2563407734375 0.26342360781249996
3 0.22770419375 0.291188940625 0.2675210828125 0.350472065625 0.30454000937500003 0.2890583578125 0.2693720359375 0.2290325234375 0.22770419375 0.291188940625
3 0.40390625 0.03984375 0.03515625 0.03671875
3 0.1109375 0.284375 0.03046875 0.04609375
3 0.059441326562499994 0.8778849703124999 0.103247296875 0.989777809375 0.20585820625 0.8846424890625 0.1618820984375 0.7580022484375 0.059441326562499994 0.8778849703124999
3 0.1751916953125 0.703373490625 0.1512916421875 0.721533221875 0.187301040625 0.7989510375 0.2580452125 0.742082409375 0.24243050625 0.7134091453125 0.3148159546875 0.6920544328125 0.281945265625 0.592025653125 0.17965301875 0.6584520640625 0.1675436734375 0.6809127734375 0.1751916953125 0.703373490625