3 0.52734375 0.96796875 0.12890625 0.0640625
3 0.62421875 0.9078125 0.128125 0.15625
3 0.8515625 0.9296875 0.209375 0.140625
3 0.69375 0.80078125 0.13828125 0.18203125
3 0.78671875 0.70234375 0.08046875 0.09453125
3 0.81484375 0.64921875 0.07578125 0.090625
3 0.9140625 0.63203125 0.08828125 0.10703125
3 0.9796875 0.69609375 0.03984375 0.09296875
3 0.875 0.74375 0.09453125 0.103125
3 0.9609375 0.565625 0.05625 0.05703125
3 0.9890625 0.615625 0.021875 0.05234375
3 0.92265625 0.509375 0.0640625 0.06640625
3 0.95 0.47578125 0.05078125 0.0640625
3 0.98046875 0.43515625 0.0390625 0.06875
3 0.340625 0.7703125 0.09921875 0.11640625
3 0.42890625 0.71875 0.08671875 0.08671875
3 0.51328125 0.6734375 0.0703125 0.084375
3 0.52265625 0.59375 0.04609375 0.0546875
3 0.040625 0.90859375 0.08125 0.08125
3 0.02734375 0.853125 0.05390625 0.04921875
3 0.01953125 0.79921875 0.03515625 0.0609375
3 0.06875 0.64140625 0.090625 0.065625
3 0.11015625 0.54375 0.0640625 0.0484375
3 0.17578125 0.5078125 0.0734375 0.06015625
3 0.23828125 0.528125 0.05 0.046875
3 0.34453125 0.57578125 0.03515625 0.04296875
3 0.23046875 0.415625 0.05234375 0.04921875
3 0.2171875 0.40078125 0.03203125 0.034375
3 0.175 0.403125 0.03125 0.03671875
3 0.13828125 0.4546875 0.059375 0.05078125
3 0.02578125 0.425 0.05 0.0609375
3 0.32890625 0.4515625 0.05078125 0.05078125
3 0.3296875 0.38359375 0.05234375 0.04375
3 0.37578125 0.4265625 0.05234375 0.0578125
3 0.44375 0.4578125 0.05625 0.05625
3 0.4234375 0.4046875 0.053125 0.05078125
3 0.5734375 0.48515625 0.07421875 0.07265625
3 0.609375 0.428125 0.05234375 0.05390625
3 0.71484375 0.49296875 0.0765625 0.08203125
3 0.6515625 0.4984375 0.04921875 0.059375
3 0.66015625 0.4484375 0.03125 0.03359375
3 0.78671875 0.453125 0.05234375 0.046875
3 0.78125 0.41640625 0.0609375 0.0515625
3 0.7359375 0.43671875 0.03359375 0.03828125
3 0.84609375 0.40390625 0.03984375 0.0390625
3 0.85625 0.3796875 0.03359375 0.0359375
3 0.928125 0.3296875 0.04921875 0.0515625
3 0.953125 0.28203125 0.03359375 0.03046875
3 0.36953125 0.3703125 0.034375 0.03359375
3 0.44765625 0.34140625 0.04765625 0.0359375
3 0.40703125 0.3515625 0.03515625 0.03671875
3 0.4609375 0.3828125 0.04140625 0.03515625
3 0.50390625 0.371875 0.0453125 0.046875
3 0.5578125 0.4 0.04921875 0.059375
3 0.5125 0.31484375 0.0375 0.03671875
3 0.6015625 0.36171875 0.0546875 0.05
3 0.5484375 0.33828125 0.02890625 0.03359375
3 0.59609375 0.2484375 0.0359375 0.03359375
3 0.6078125 0.3140625 0.02734375 0.03125
3 0.6375 0.30390625 0.0265625 0.03203125
3 0.82265625 0.2125 0.02109375 0.02421875
3 0.725 0.25859375 0.0265625 0.02734375
3 0.684375 0.28203125 0.02421875 0.03359375
3 0.640625 0.24765625 0.0234375 0.03359375
3 0.6609375 0.24921875 0.02421875 0.0265625
3 0.76953125 0.2 0.01796875 0.021875
3 0.76015625 0.24296875 0.02578125 0.03203125
3 0.71640625 0.22421875 0.02109375 0.02265625
3 0.7921875 0.221875 0.0203125 0.025
3 0.8328125 0.18046875 0.021875 0.02421875
3 0.81328125 0.1734375 0.0203125 0.021875
3 0.79765625 0.16875 0.01796875 0.021875
3 0.865625 0.3015625 0.0296875 0.034375
3 0.91015625 0.2671875 0.03203125 0.0296875