3 0.2375 0.609375 0.13984375 0.11484375
3 0.36796875 0.5046875 0.115625 0.13359375
3 0.49921875 0.7578125 0.07578125 0.0890625
3 0.559375 0.59921875 0.1765625 0.159375
3 0.74921875 0.78671875 0.18125 0.17890625
3 0.8359375 0.6859375 0.15703125 0.1734375
3 0.62109375 0.87265625 0.24375 0.228125
3 0.96328125 0.58828125 0.07265625 0.14765625
3 0.7140625 0.48359375 0.075 0.11875
3 0.52890625 0.3375 0.0703125 0.08828125
3 0.40234375 0.2984375 0.0703125 0.07109375
3 0.31953125 0.3515625 0.0859375 0.059375
3 0.8328125 0.53046875 0.1375 0.1015625
3 0.8625 0.41796875 0.07421875 0.08359375
3 0.796875 0.37890625 0.08515625 0.09140625
3 0.12734375 0.31875 0.05859375 0.06640625
3 0.21640625 0.3234375 0.08828125 0.10234375
3 0.3234375 0.23828125 0.1125 0.0828125
3 0.2421875 0.18515625 0.05078125 0.059375
3 0.4421875 0.29140625 0.04765625 0.0546875