3 0.0890625 0.95625 0.15625 0.0875
3 0.22421875 0.89140625 0.21796875 0.1421875
3 0.3296875 0.8453125 0.12109375 0.1359375
3 0.725 0.7484375 0.171875 0.09140625
3 0.58046875 0.78984375 0.14765625 0.1203125
3 0.46875 0.83359375 0.16484375 0.14609375
3 0.49921875 0.9625 0.1671875 0.075
3 0.71328125 0.89765625 0.17734375 0.11640625
3 0.11640625 0.5640625 0.07890625 0.05625
3 0.6125 0.64296875 0.13984375 0.0703125
3 0.51953125 0.55546875 0.1046875 0.07421875
3 0.3921875 0.55546875 0.1125 0.0609375
3 0.3359375 0.43359375 0.140625 0.06640625
3 0.26875 0.37109375 0.10390625 0.06171875
3 0.0609375 0.440625 0.084375 0.06640625
3 0.02421875 0.39609375 0.04765625 0.06015625
3 0.14765625 0.3 0.0953125 0.05390625
3 0.075 0.2046875 0.0609375 0.04765625
3 0.11796875 0.26796875 0.06484375 0.03984375
3 0.15859375 0.3484375 0.0859375 0.05
3 0.44375 0.66171875 0.0734375 0.04609375
3 0.3875 0.6234375 0.0890625 0.06328125
3 0.4484375 0.60859375 0.1125 0.06015625
3 0.55546875 0.6046875 0.103125 0.04921875
3 0.3265625 0.6953125 0.08359375 0.04765625
3 0.3328125 0.74921875 0.05 0.04296875
3 0.9328125 0.67265625 0.134375 0.09609375
3 0.87578125 0.61640625 0.159375 0.07890625
3 0.7734375 0.55078125 0.1859375 0.06640625
3 0.58828125 0.4765625 0.13359375 0.071875
3 0.39375 0.3109375 0.08515625 0.05234375
3 0.23125 0.19765625 0.07578125 0.04609375
3 0.2203125 0.275 0.06484375 0.0296875
3 0.06171875 0.3078125 0.07890625 0.02421875
3 0.02734375 0.27421875 0.0546875 0.03125
3 0.1578125 0.75625 0.1 0.0484375
3 0.03125 0.6671875 0.0625 0.10078125
3 0.05078125 0.78359375 0.0546875 0.03671875
3 0.50625 0.7296875 0.1734375 0.07578125
3 0.26953125 0.3046875 0.06328125 0.03671875
3 0.3328125 0.32109375 0.04765625 0.04375
3 0.33046875 0.27578125 0.11171875 0.04765625
3 0.36796875 0.35 0.071875 0.03671875
3 0.4796875 0.36484375 0.0609375 0.03515625
3 0.5640625 0.4125 0.09375 0.0515625
3 0.67109375 0.434375 0.0953125 0.0609375
3 0.628125 0.39765625 0.05234375 0.03359375
3 0.5578125 0.29296875 0.0640625 0.03671875
3 0.6859375 0.33046875 0.121875 0.04609375
3 0.8015625 0.36796875 0.11328125 0.05390625
3 0.93984375 0.446875 0.07890625 0.04375
3 0.87421875 0.40234375 0.06796875 0.03984375
3 0.725 0.246875 0.05234375 0.04296875
3 0.80859375 0.234375 0.08828125 0.05859375
3 0.8265625 0.26796875 0.0703125 0.034375
3 0.76484375 0.28984375 0.08515625 0.0390625
3 0.9703125 0.2484375 0.059375 0.04609375
3 0.8609375 0.240625 0.06171875 0.0375
3 0.2875 0.16953125 0.08359375 0.04375
3 0.3203125 0.1578125 0.08359375 0.0328125
3 0.35625 0.1875 0.14921875 0.04296875
3 0.39140625 0.18984375 0.12890625 0.0296875
3 0.38984375 0.21953125 0.06796875 0.028125
3 0.42421875 0.203125 0.1015625 0.0421875
3 0.60234375 0.17734375 0.071875 0.05234375
3 0.56015625 0.16640625 0.0875 0.04609375
3 0.52578125 0.2515625 0.10390625 0.03515625
3 0.6015625 0.240625 0.06328125 0.034375
3 0.7046875 0.18515625 0.0484375 0.02734375
3 0.75625 0.16796875 0.046875 0.0328125
3 0.97890625 0.1921875 0.04140625 0.02734375
3 0.9625 0.17578125 0.040625 0.0203125
3 0.91640625 0.12265625 0.0546875 0.0296875
3 0.809375 0.09921875 0.059375 0.03515625
3 0.76015625 0.11171875 0.040625 0.046875
3 0.5640625 0.13359375 0.04140625 0.02578125
3 0.48671875 0.1328125 0.04921875 0.03046875
3 0.40390625 0.09765625 0.053125 0.0328125
3 0.296875 0.096875 0.0421875 0.028125
3 0.21328125 0.06953125 0.04453125 0.01796875
3 0.25703125 0.08125 0.0421875 0.02109375
3 0.0296875 0.14453125 0.0453125 0.021875
3 0.0265625 0.10390625 0.05078125 0.025
3 0.06875 0.1734375 0.0375 0.0234375
3 0.02890625 0.24375 0.0578125 0.028125
3 0.1171875 0.11484375 0.03203125 0.0234375
3 0.13828125 0.16796875 0.040625 0.0234375
3 0.13359375 0.14296875 0.04453125 0.02890625
3 0.19921875 0.15625 0.04609375 0.02890625
3 0.1609375 0.20234375 0.0484375 0.0296875
3 0.2140625 0.234375 0.06796875 0.03828125