3 0.4140625 0.43046875 0.13671875 0.34453125
3 0.2609375 0.3953125 0.1578125 0.29140625
3 0.10859375 0.3984375 0.15078125 0.32578125
3 0.01875 0.41171875 0.0375 0.32734375
3 0.56953125 0.45546875 0.153125 0.35390625
3 0.721875 0.4359375 0.16015625 0.35234375
3 0.87265625 0.45390625 0.15390625 0.3421875
3 0.9640625 0.453125 0.071875 0.3453125
3 0.57890625 0.0578125 0.07578125 0.115625
3 0.43828125 0.0421875 0.0859375 0.084375
3 0.3109375 0.04140625 0.0984375 0.0796875
3 0.14296875 0.040625 0.11171875 0.08046875
3 0.7109375 0.0453125 0.08203125 0.090625
3 0.80390625 0.05234375 0.0953125 0.1046875
3 0.94453125 0.059375 0.1109375 0.11796875
3 0.03828125 0.04921875 0.0765625 0.0984375