3 0.46953125 0.70078125 0.184375 0.1421875
3 0.68359375 0.79609375 0.1375 0.10390625
3 0.775 0.6828125 0.12734375 0.115625
3 0.66640625 0.621875 0.1328125 0.10703125
3 0.52109375 0.4796875 0.16015625 0.1140625
3 0.43984375 0.3921875 0.17265625 0.0984375
3 0.3078125 0.61171875 0.20625 0.1921875
3 0.1625 0.878125 0.159375 0.21171875
3 0.08359375 0.625 0.12734375 0.1515625
3 0.1046875 0.50078125 0.16953125 0.13828125
3 0.7921875 0.43359375 0.15546875 0.09765625
3 0.8859375 0.5796875 0.22265625 0.115625
3 0.9515625 0.4875 0.096875 0.06875
3 0.9484375 0.4109375 0.10234375 0.08125
3 0.890625 0.28359375 0.2125 0.10625
3 0.6671875 0.34453125 0.1546875 0.10546875
3 0.91875 0.7078125 0.1625 0.14609375