3 0.39140625 0.7015625 0.1171875 0.275
3 0.2984375 0.67421875 0.07265625 0.265625
3 0.2015625 0.675 0.11640625 0.2953125
3 0.12578125 0.62734375 0.09140625 0.26484375
3 0.07890625 0.6 0.13671875 0.25546875
3 0.43515625 0.409375 0.1203125 0.1953125
3 0.3359375 0.371875 0.0796875 0.1953125
3 0.26484375 0.3375 0.140625 0.16015625
3 0.28984375 0.2765625 0.12578125 0.11328125
3 0.15078125 0.3296875 0.17109375 0.1859375
3 0.10859375 0.2015625 0.15859375 0.1046875
3 0.13671875 0.1171875 0.10703125 0.0765625
3 0.1875 0.0578125 0.08359375 0.08125
3 0.35 0.1078125 0.1125 0.121875
3 0.4 0.14296875 0.09375 0.1203125
3 0.453125 0.1625 0.084375 0.13984375
3 0.53125 0.18828125 0.078125 0.140625
3 0.5734375 0.1953125 0.0734375 0.13671875
3 0.6203125 0.2 0.07109375 0.140625
3 0.7390625 0.20703125 0.11640625 0.13984375
3 0.78671875 0.196875 0.09609375 0.11328125
3 0.85234375 0.16015625 0.10859375 0.121875
3 0.92265625 0.13359375 0.12578125 0.13125
3 0.5578125 0.4578125 0.06875 0.18984375
3 0.625 0.44921875 0.04375 0.209375
3 0.68984375 0.46328125 0.11328125 0.24921875
3 0.72734375 0.41875 0.0625 0.16015625
3 0.80390625 0.440625 0.11953125 0.221875
3 0.8953125 0.4125 0.13359375 0.23203125
3 0.86171875 0.44375 0.103125 0.2109375
3 0.9625 0.3078125 0.075 0.125
3 0.58671875 0.6796875 0.159375 0.15
3 0.6046875 0.840625 0.18359375 0.15703125
3 0.64140625 0.9625 0.1859375 0.07421875