3 0.04140625 0.78359375 0.0828125 0.1484375
3 0.12421875 0.82109375 0.09296875 0.1078125
3 0.178125 0.82578125 0.07890625 0.0953125
3 0.03203125 0.396875 0.053125 0.096875
3 0.37265625 0.5578125 0.08125 0.0875
3 0.4421875 0.54453125 0.0796875 0.0921875
3 0.51015625 0.5703125 0.06640625 0.10390625
3 0.2953125 0.53671875 0.0859375 0.09609375
3 0.578125 0.5625 0.07734375 0.10078125
3 0.634375 0.5625 0.08046875 0.08515625
3 0.75703125 0.57265625 0.07578125 0.10859375
3 0.821875 0.5578125 0.0734375 0.09453125
3 0.35625 0.8078125 0.08671875 0.084375
3 0.43359375 0.80625 0.07265625 0.096875
3 0.50546875 0.7984375 0.084375 0.1
3 0.66640625 0.8125 0.08125 0.090625
3 0.29140625 0.38671875 0.08515625 0.1171875
3 0.36328125 0.41875 0.05 0.07890625
3 0.42734375 0.4109375 0.053125 0.09453125
3 0.49296875 0.4296875 0.071875 0.078125
3 0.5640625 0.4234375 0.05234375 0.09140625
3 0.62734375 0.42578125 0.075 0.1046875
3 0.6953125 0.42421875 0.0703125 0.1171875
3 0.76015625 0.425 0.0625 0.0875
3 0.8203125 0.4203125 0.0578125 0.09765625
3 0.87734375 0.4296875 0.05390625 0.08515625
3 0.9484375 0.41640625 0.0921875 0.08203125
3 0.92890625 0.32578125 0.1 0.0765625
3 0.91171875 0.278125 0.08125 0.059375
3 0.10703125 0.3984375 0.06015625 0.096875
3 0.1953125 0.39609375 0.07734375 0.0734375
3 0.06328125 0.24375 0.06640625 0.06015625
3 0.40546875 0.22578125 0.115625 0.09921875
3 0.57265625 0.22421875 0.13203125 0.1046875
3 0.65546875 0.20546875 0.06484375 0.0890625
3 0.7140625 0.21484375 0.08515625 0.0859375
3 0.7703125 0.209375 0.0734375 0.08125
3 0.82265625 0.21328125 0.08984375 0.06640625
3 0.90078125 0.21875 0.09375 0.075
3 0.6890625 0.11015625 0.0734375 0.0953125
3 0.7578125 0.0953125 0.07578125 0.08046875
3 0.81015625 0.09453125 0.06484375 0.0734375
3 0.415625 0.1015625 0.05234375 0.08828125
3 0.47265625 0.10625 0.06953125 0.06328125
3 0.5296875 0.09296875 0.0671875 0.08671875
3 0.59296875 0.08671875 0.084375 0.0765625
3 0.09140625 0.11796875 0.084375 0.08671875
3 0.1421875 0.11875 0.0734375 0.08125
3 0.21484375 0.11171875 0.0625 0.0515625
3 0.26875 0.1140625 0.07265625 0.084375