3 0.8296875 0.49375 0.1828125 0.12265625
3 0.36953125 0.421875 0.14921875 0.11796875
3 0.171875 0.4078125 0.12578125 0.071875
3 0.134375 0.36796875 0.08046875 0.0515625
3 0.2484375 0.33828125 0.1296875 0.10859375
3 0.178125 0.2875 0.15546875 0.10625
3 0.30390625 0.16171875 0.10703125 0.0890625
3 0.35859375 0.21953125 0.09453125 0.07421875
3 0.428125 0.23046875 0.0890625 0.11015625
3 0.51171875 0.2390625 0.090625 0.1125
3 0.58515625 0.20859375 0.140625 0.1671875
3 0.74453125 0.24140625 0.125 0.0921875
3 0.859375 0.2875 0.1796875 0.075
3 0.8359375 0.23359375 0.1171875 0.0609375
3 0.1984375 0.10546875 0.09921875 0.1234375
3 0.878125 0.134375 0.1265625 0.084375
3 0.71953125 0.06171875 0.14453125 0.0765625
3 0.50390625 0.0953125 0.128125 0.07265625
3 0.4046875 0.11875 0.08984375 0.10390625