3 0.10625 0.6109375 0.19375 0.19609375
3 0.28125 0.496875 0.234375 0.12109375
3 0.4265625 0.39921875 0.15234375 0.10625
3 0.53203125 0.33984375 0.15859375 0.10859375
3 0.62109375 0.27890625 0.146875 0.05859375
3 0.70625 0.225 0.128125 0.09453125
3 0.365625 0.24765625 0.1046875 0.07578125
3 0.27421875 0.2828125 0.10546875 0.075
3 0.16953125 0.3125 0.14921875 0.07421875
3 0.0609375 0.38125 0.12109375 0.06796875
3 0.4484375 0.19609375 0.1296875 0.07578125
3 0.46796875 0.15546875 0.10234375 0.0609375