3 0.63359375 0.53046875 0.10625 0.1078125
3 0.7015625 0.68046875 0.1015625 0.0828125
3 0.69375 0.6015625 0.1015625 0.06953125
3 0.75625 0.665625 0.06171875 0.065625
3 0.55 0.71640625 0.07109375 0.06484375
3 0.746875 0.97265625 0.08671875 0.05390625
3 0.81875 0.95 0.0984375 0.09921875
3 0.63515625 0.81796875 0.15234375 0.16640625
3 0.6078125 0.68515625 0.0828125 0.0890625
3 0.559375 0.91328125 0.07421875 0.10234375
3 0.46171875 0.73671875 0.084375 0.09453125
3 0.284375 0.8390625 0.0921875 0.103125
3 0.35703125 0.803125 0.084375 0.109375
3 0.41953125 0.871875 0.1125 0.12890625
3 0.46171875 0.9421875 0.0875 0.11328125
3 0.19453125 0.93125 0.1 0.128125
3 0.06015625 0.790625 0.11171875 0.1375
3 0.2328125 0.84375 0.06484375 0.11015625
3 0.3 0.6359375 0.06796875 0.084375
3 0.4078125 0.55625 0.04921875 0.07265625
3 0.465625 0.54765625 0.0734375 0.06640625