3 0.20234375 0.70859375 0.178125 0.15859375
3 0.36484375 0.66953125 0.15 0.12265625
3 0.41484375 0.56015625 0.190625 0.0984375
3 0.48125 0.46328125 0.17578125 0.0859375
3 0.34140625 0.4640625 0.096875 0.10703125
3 0.17421875 0.4453125 0.17578125 0.08828125
3 0.06640625 0.73046875 0.1328125 0.14765625
3 0.77265625 0.69921875 0.14140625 0.15546875
3 0.92109375 0.70390625 0.13125 0.16015625
3 0.74765625 0.56640625 0.18203125 0.09609375
3 0.7578125 0.46953125 0.17109375 0.1265625
3 0.8796875 0.37109375 0.13671875 0.07734375
3 0.7484375 0.3796875 0.1015625 0.05625
3 0.4328125 0.346875 0.0796875 0.071875
3 0.51875 0.39375 0.1546875 0.06875
3 0.928125 0.54765625 0.14375 0.18359375