3 0.1328125 0.6109375 0.1265625 0.14375
3 0.18515625 0.828125 0.128125 0.22421875
3 0.29609375 0.73359375 0.1234375 0.14375
3 0.3921875 0.69375 0.1125 0.15078125
3 0.4625 0.640625 0.096875 0.11328125
3 0.55625 0.578125 0.10078125 0.1046875
3 0.57578125 0.7296875 0.1765625 0.20390625
3 0.69140625 0.471875 0.0859375 0.096875
3 0.65625 0.5109375 0.08828125 0.0625
3 0.609375 0.534375 0.08671875 0.08984375
3 0.75625 0.4359375 0.07265625 0.08125
3 0.80625 0.39765625 0.075 0.06796875
3 0.51953125 0.42890625 0.0890625 0.078125
3 0.56484375 0.40078125 0.0953125 0.103125
3 0.590625 0.359375 0.1484375 0.13046875
3 0.7015625 0.3234375 0.1328125 0.10859375
3 0.95859375 0.353125 0.0828125 0.1
3 0.93515625 0.36875 0.11328125 0.12890625
3 0.8875 0.39375 0.02890625 0.040625
3 0.3890625 0.38359375 0.328125 0.1375
3 0.40859375 0.1921875 0.0640625 0.08359375
3 0.45859375 0.1859375 0.05703125 0.071875
3 0.903125 0.2234375 0.06953125 0.075