3 0.053125 0.884375 0.09296875 0.09453125
3 0.0765625 0.78984375 0.0859375 0.09140625
3 0.3796875 0.8453125 0.1125 0.07890625
3 0.37421875 0.75390625 0.14609375 0.0859375
3 0.37890625 0.66875 0.12578125 0.0828125
3 0.52109375 0.5640625 0.08828125 0.103125
3 0.4890625 0.56875 0.06015625 0.053125
3 0.36640625 0.5984375 0.11328125 0.05390625
3 0.36328125 0.5421875 0.0796875 0.04921875
3 0.3453125 0.965625 0.11640625 0.06796875
3 0.134375 0.6921875 0.13203125 0.0578125
3 0.1484375 0.6296875 0.12578125 0.06796875
3 0.17265625 0.57734375 0.1421875 0.08046875
3 0.1046875 0.5046875 0.10703125 0.07109375
3 0.7625 0.91640625 0.08515625 0.053125
3 0.7765625 0.8453125 0.128125 0.05859375
3 0.7390625 0.775 0.0984375 0.053125
3 0.759375 0.71328125 0.10859375 0.04609375
3 0.72578125 0.640625 0.1109375 0.0625
3 0.73984375 0.6046875 0.0875 0.04921875
3 0.503125 0.4453125 0.053125 0.03671875
3 0.72421875 0.475 0.125 0.07421875
3 0.21875 0.40234375 0.0671875 0.04375
3 0.42265625 0.36640625 0.065625 0.04609375