3 0.578125 0.321875 0.20546875 0.27578125
3 0.35234375 0.67734375 0.17265625 0.1671875
3 0.37578125 0.81171875 0.090625 0.1390625
3 0.81953125 0.71953125 0.11015625 0.10234375
3 0.39765625 0.19296875 0.1625 0.2765625
3 0.47578125 0.1703125 0.146875 0.22578125
3 0.7078125 0.4203125 0.13671875 0.16328125
3 0.6234375 0.509375 0.1765625 0.13125
3 0.81953125 0.346875 0.13828125 0.1625
3 0.8453125 0.1890625 0.1234375 0.225
3 0.9296875 0.23046875 0.13984375 0.2421875
3 0.18671875 0.08828125 0.12265625 0.0859375
3 0.2671875 0.41171875 0.1671875 0.0765625
3 0.79375 0.93984375 0.08671875 0.1203125
3 0.9171875 0.9203125 0.165625 0.159375