3 0.30859375 0.7578125 0.22421875 0.2
3 0.10703125 0.73359375 0.165625 0.1390625
3 0.8625 0.91796875 0.2171875 0.16328125
3 0.825 0.73203125 0.1734375 0.17734375
3 0.86640625 0.60859375 0.18125 0.09921875
3 0.47265625 0.50625 0.171875 0.096875
3 0.3203125 0.60234375 0.3328125 0.1078125
3 0.28515625 0.52578125 0.10078125 0.10546875
3 0.09296875 0.63125 0.1859375 0.10546875
3 0.8453125 0.49765625 0.1234375 0.09921875
3 0.84453125 0.31640625 0.09765625 0.0703125
3 0.278125 0.34296875 0.13359375 0.06796875
3 0.15703125 0.43046875 0.165625 0.0671875
3 0.91328125 0.784375 0.0875 0.084375