3 0.13046875 0.31640625 0.115625 0.1015625
3 0.221875 0.28125 0.1109375 0.09375
3 0.32421875 0.2390625 0.11484375 0.08125
3 0.515625 0.17734375 0.1140625 0.0984375
3 0.59921875 0.13359375 0.12734375 0.1078125
3 0.6578125 0.0765625 0.0984375 0.09375
3 0.81171875 0.046875 0.12421875 0.09375
3 0.89453125 0.30703125 0.11953125 0.0984375
3 0.62734375 0.296875 0.10625 0.109375
3 0.425 0.378125 0.1265625 0.115625
3 0.228125 0.46484375 0.1203125 0.12734375
3 0.315625 0.578125 0.1109375 0.140625
3 0.51875 0.475 0.1234375 0.121875
3 0.3203125 0.43046875 0.1015625 0.1109375
3 0.52734375 0.640625 0.128125 0.096875
3 0.62265625 0.5734375 0.10625 0.11875
3 0.834375 0.48203125 0.1296875 0.1203125
3 0.71953125 0.3859375 0.11015625 0.13125
3 0.7140625 0.259375 0.1046875 0.096875
3 0.90390625 0.7125 0.14375 0.11953125
3 0.7921875 0.7515625 0.1265625 0.1125
3 0.665625 0.821875 0.1234375 0.12265625