3 0.76953125 0.77421875 0.14765625 0.09609375
3 0.62890625 0.72421875 0.13046875 0.0953125
3 0.55546875 0.81796875 0.16953125 0.10546875
3 0.38203125 0.79921875 0.14140625 0.0984375
3 0.24375 0.7890625 0.134375 0.13203125
3 0.06484375 0.7703125 0.08671875 0.09765625
3 0.19609375 0.67890625 0.1328125 0.0859375
3 0.33515625 0.690625 0.10703125 0.096875
3 0.4625 0.71171875 0.109375 0.096875
3 0.87734375 0.6578125 0.115625 0.0953125
3 0.703125 0.62265625 0.1609375 0.10234375
3 0.59453125 0.5890625 0.12734375 0.08046875
3 0.4890625 0.4734375 0.1203125 0.08984375
3 0.603125 0.49609375 0.09609375 0.10234375
3 0.81171875 0.53515625 0.1234375 0.0953125
3 0.2125 0.43046875 0.11171875 0.06953125
3 0.39609375 0.446875 0.090625 0.07265625
3 0.26328125 0.5265625 0.15859375 0.08203125