3 0.64921875 0.82265625 0.165625 0.10859375
3 0.8015625 0.8265625 0.12109375 0.08203125
3 0.8828125 0.90078125 0.1046875 0.12421875
3 0.72890625 0.92734375 0.23828125 0.1046875
3 0.58359375 0.740625 0.090625 0.08671875
3 0.64453125 0.71953125 0.11796875 0.1046875
3 0.73359375 0.70625 0.14296875 0.103125
3 0.82421875 0.69453125 0.109375 0.08515625
3 0.89921875 0.690625 0.07734375 0.08046875
3 0.89140625 0.80859375 0.11328125 0.09609375
3 0.95546875 0.8796875 0.0890625 0.10625
3 0.94375 0.784375 0.1125 0.1
3 0.9515625 0.6734375 0.0828125 0.08125
3 0.83125 0.61953125 0.1109375 0.0671875
3 0.7390625 0.62734375 0.12109375 0.0671875
3 0.4546875 0.68125 0.1046875 0.07578125
3 0.4984375 0.75390625 0.1203125 0.09140625
3 0.51171875 0.66484375 0.08515625 0.07109375
3 0.58203125 0.646875 0.071875 0.06875
3 0.63203125 0.68671875 0.01328125 0.0171875
3 0.62109375 0.68125 0.015625 0.01015625
3 0.6546875 0.64296875 0.12109375 0.07421875
3 0.03359375 0.765625 0.0671875 0.08359375
3 0.1125 0.74453125 0.1078125 0.0859375
3 0.05625 0.65546875 0.11171875 0.13515625
3 0.26015625 0.7 0.121875 0.090625
3 0.27109375 0.6375 0.1125 0.071875
3 0.89140625 0.534375 0.14140625 0.09140625
3 0.65 0.50078125 0.08046875 0.07109375
3 0.70625 0.50703125 0.09921875 0.06796875
3 0.77734375 0.5203125 0.08671875 0.06875
3 0.2921875 0.42890625 0.0640625 0.05546875
3 0.38359375 0.45078125 0.103125 0.08046875
3 0.54921875 0.56171875 0.153125 0.0921875
3 0.5203125 0.47578125 0.1546875 0.08515625
3 0.1265625 0.38984375 0.1203125 0.07109375
3 0.2359375 0.52109375 0.1046875 0.05234375
3 0.3046875 0.54921875 0.1046875 0.06171875
3 0.43359375 0.5890625 0.140625 0.0875
3 0.4171875 0.528125 0.0921875 0.05625
3 0.3484375 0.94140625 0.1421875 0.11640625
3 0.31796875 0.83828125 0.13515625 0.1171875
3 0.225 0.86796875 0.13671875 0.1265625
3 0.26796875 0.95390625 0.1546875 0.0921875
3 0.0859375 0.88046875 0.1328125 0.11171875