3 0.321875 0.8234375 0.1671875 0.115625
3 0.271875 0.95 0.1140625 0.09921875
3 0.5328125 0.6265625 0.1046875 0.065625
3 0.47578125 0.5265625 0.084375 0.071875
3 0.20078125 0.68828125 0.090625 0.1234375
3 0.23359375 0.53046875 0.13125 0.08515625
3 0.1 0.634375 0.13984375 0.15078125
3 0.471875 0.35078125 0.11796875 0.08359375
3 0.64765625 0.5453125 0.084375 0.121875
3 0.6421875 0.453125 0.0765625 0.0625
3 0.5484375 0.45390625 0.0921875 0.0796875
3 0.37265625 0.2515625 0.15078125 0.096875
3 0.1328125 0.36171875 0.1015625 0.0671875
3 0.2890625 0.44296875 0.08046875 0.05234375
3 0.04609375 0.53203125 0.08046875 0.0765625
3 0.80625 0.24609375 0.06484375 0.06484375
3 0.86875 0.284375 0.06484375 0.06015625
3 0.709375 0.3703125 0.0984375 0.084375
3 0.803125 0.47265625 0.0671875 0.0859375
3 0.86328125 0.62890625 0.10078125 0.1171875