3 0.271875 0.40703125 0.1515625 0.1546875
3 0.1421875 0.38828125 0.1515625 0.20546875
3 0.05703125 0.390625 0.11328125 0.221875
3 0.05078125 0.7984375 0.1015625 0.278125
3 0.1765625 0.80078125 0.1515625 0.25390625
3 0.49375 0.865625 0.14609375 0.215625
3 0.6359375 0.8875 0.14921875 0.20703125
3 0.79296875 0.9046875 0.13203125 0.184375
3 0.92734375 0.91796875 0.1125 0.15546875
3 0.659375 0.509375 0.21015625 0.12734375
3 0.63515625 0.3859375 0.16328125 0.15390625
3 0.6359375 0.25078125 0.16171875 0.18359375
3 0.65078125 0.09140625 0.16875 0.1828125
3 0.9125 0.16640625 0.15 0.12734375
3 0.890625 0.0765625 0.1828125 0.11640625
3 0.93203125 0.26875 0.1359375 0.13125
3 0.93671875 0.4578125 0.1265625 0.12578125
3 0.9515625 0.35859375 0.096875 0.11796875
3 0.953125 0.58359375 0.09296875 0.14609375