3 0.3046875 0.6890625 0.1265625 0.11796875
3 0.3796875 0.64453125 0.09453125 0.09453125
3 0.44609375 0.63125 0.05859375 0.0859375
3 0.1375 0.521875 0.115625 0.1390625
3 0.05078125 0.41484375 0.0734375 0.121875
3 0.72734375 0.675 0.1140625 0.12265625
3 0.56171875 0.61484375 0.103125 0.13203125
3 0.85703125 0.42421875 0.09921875 0.14453125
3 0.94765625 0.4421875 0.06796875 0.1109375
3 0.79140625 0.38828125 0.07890625 0.1109375
3 0.7296875 0.36171875 0.06640625 0.11328125
3 0.65703125 0.3234375 0.08671875 0.08125
3 0.5625 0.34921875 0.08515625 0.075
3 0.559375 0.27578125 0.09921875 0.08515625
3 0.42734375 0.18046875 0.09921875 0.075
3 0.16015625 0.3203125 0.103125 0.07421875
3 0.19765625 0.3859375 0.103125 0.0890625
3 0.30625 0.428125 0.12734375 0.07421875
3 0.428125 0.4890625 0.1703125 0.1171875
3 0.36484375 0.4625 0.0953125 0.06796875
3 0.5125 0.521875 0.08671875 0.08515625
3 0.5953125 0.509375 0.09921875 0.1046875
3 0.70546875 0.55546875 0.090625 0.103125