3 0.62890625 0.6078125 0.18359375 0.109375
3 0.625 0.84140625 0.11015625 0.06171875
3 0.5078125 0.8515625 0.071875 0.0578125
3 0.6375 0.5140625 0.146875 0.11015625
3 0.41328125 0.6046875 0.115625 0.05703125
3 0.4671875 0.5625 0.0921875 0.0578125
3 0.2078125 0.68046875 0.09609375 0.053125
3 0.28984375 0.61171875 0.06796875 0.03203125
3 0.2890625 0.5671875 0.06328125 0.03671875
3 0.953125 0.4 0.09375 0.0625
3 0.946875 0.35078125 0.08671875 0.04296875
3 0.67265625 0.37734375 0.1 0.07421875
3 0.4921875 0.96015625 0.08984375 0.0796875
3 0.42265625 0.8609375 0.09296875 0.0828125
3 0.30859375 0.8609375 0.0875 0.07421875
3 0.215625 0.86953125 0.07265625 0.06953125
3 0.11640625 0.8671875 0.0875 0.075
3 0.1703125 0.96484375 0.084375 0.06484375
3 0.6125 0.75234375 0.11796875 0.10078125
3 0.5203125 0.759375 0.1046875 0.084375