3 0.24140625 0.75078125 0.103125 0.11015625
3 0.55625 0.625 0.05390625 0.05546875
3 0.75859375 0.571875 0.07109375 0.04609375
3 0.51328125 0.56171875 0.05546875 0.053125
3 0.72265625 0.440625 0.07734375 0.05625
3 0.2859375 0.39453125 0.04296875 0.04609375
3 0.13984375 0.60234375 0.05546875 0.0734375
3 0.0328125 0.40078125 0.040625 0.0640625
3 0.7921875 0.5078125 0.07734375 0.04375
3 0.96171875 0.2828125 0.0765625 0.04296875
3 0.63203125 0.3875 0.06953125 0.04609375
3 0.33984375 0.346875 0.07421875 0.04453125
3 0.23046875 0.30703125 0.06953125 0.0578125
3 0.246875 0.1859375 0.09296875 0.05
3 0.1671875 0.20390625 0.07734375 0.040625