3 0.146875 0.621875 0.2578125 0.2125
3 0.2609375 0.66796875 0.28671875 0.1828125
3 0.41328125 0.68828125 0.25078125 0.22734375
3 0.64296875 0.734375 0.35390625 0.3125
3 0.9125 0.73828125 0.17109375 0.2890625
3 0.2578125 0.28203125 0.18671875 0.1109375
3 0.53203125 0.3515625 0.290625 0.175
3 0.68828125 0.39375 0.1625 0.15
3 0.84375 0.4125 0.1015625 0.1125
3 0.95625 0.3828125 0.0875 0.18203125
3 0.12578125 0.11875 0.18125 0.125
3 0.32265625 0.07265625 0.121875 0.0828125
3 0.37734375 0.11796875 0.10625 0.08671875
3 0.48671875 0.178125 0.10625 0.121875
3 0.8625 0.24296875 0.1234375 0.1265625
3 0.86953125 0.05234375 0.14140625 0.10234375
3 0.72734375 0.04921875 0.18125 0.0984375