3 0.690625 0.7390625 0.1578125 0.09140625
3 0.82578125 0.6953125 0.175 0.109375
3 0.33984375 0.63515625 0.14375 0.1109375
3 0.203125 0.60625 0.0859375 0.0875
3 0.11953125 0.71484375 0.1125 0.0703125
3 0.453125 0.9046875 0.1796875 0.125
3 0.4203125 0.84765625 0.13671875 0.0859375
3 0.3625 0.8421875 0.00546875 0.00703125
3 0.62421875 0.56640625 0.11875 0.09296875
3 0.33515625 0.40859375 0.13828125 0.0984375
3 0.4578125 0.3703125 0.10546875 0.084375
3 0.0890625 0.33125 0.1234375 0.07890625
3 0.21171875 0.28046875 0.12890625 0.06796875
3 0.2921875 0.2625 0.0921875 0.05625
3 0.3875 0.23984375 0.12890625 0.05703125
3 0.24140625 0.15859375 0.12734375 0.05078125
3 0.0984375 0.1671875 0.1078125 0.06171875
3 0.5265625 0.19765625 0.14921875 0.07734375
3 0.52734375 0.325 0.1125 0.0875
3 0.5953125 0.2890625 0.10703125 0.06796875
3 0.8828125 0.42109375 0.10859375 0.0640625
3 0.8171875 0.46015625 0.1078125 0.0921875
3 0.746875 0.51328125 0.1296875 0.0890625
3 0.615625 0.4578125 0.07421875 0.05625
3 0.68515625 0.4515625 0.08125 0.059375
3 0.93984375 0.6515625 0.1203125 0.134375
3 0.78203125 0.27109375 0.103125 0.0734375
3 0.89609375 0.30703125 0.065625 0.0515625
3 0.96328125 0.378125 0.0734375 0.06328125
3 0.3484375 0.11796875 0.0484375 0.04296875
3 0.49453125 0.11640625 0.1375 0.0796875
3 0.62890625 0.16015625 0.11796875 0.0828125
3 0.57890625 0.0546875 0.1125 0.09375
3 0.74453125 0.10078125 0.05859375 0.0484375
3 0.80234375 0.08359375 0.075 0.0515625