3 0.184375 0.66171875 0.13359375 0.14765625
3 0.1984375 0.83828125 0.13203125 0.1671875
3 0.353125 0.86796875 0.159375 0.1421875
3 0.44921875 0.928125 0.13046875 0.109375
3 0.34921875 0.7109375 0.17421875 0.1234375
3 0.41953125 0.59921875 0.14921875 0.1453125
3 0.45859375 0.47890625 0.1375 0.09140625
3 0.40703125 0.39765625 0.16015625 0.11875
3 0.225 0.4109375 0.165625 0.1125
3 0.2453125 0.2625 0.1625 0.11796875
3 0.38125 0.24765625 0.17265625 0.121875
3 0.4859375 0.11640625 0.178125 0.09140625
3 0.63046875 0.3625 0.15625 0.1140625
3 0.62734375 0.484375 0.17421875 0.12890625
3 0.62421875 0.5984375 0.1265625 0.1109375
3 0.6390625 0.715625 0.23203125 0.1296875
3 0.64140625 0.85234375 0.14921875 0.11953125
3 0.6265625 0.9453125 0.10546875 0.109375
3 0.9109375 0.9515625 0.17734375 0.096875
3 0.89921875 0.83046875 0.2015625 0.0828125
3 0.9171875 0.709375 0.165625 0.0984375
3 0.89140625 0.58359375 0.16875 0.140625
3 0.90546875 0.47421875 0.14765625 0.09375
3 0.9140625 0.34296875 0.14140625 0.10234375
3 0.87109375 0.21875 0.12734375 0.1234375
3 0.63671875 0.23984375 0.13359375 0.10625
3 0.6578125 0.12578125 0.15859375 0.096875
3 0.89921875 0.10546875 0.2015625 0.128125