3 0.81640625 0.58828125 0.328125 0.21171875
3 0.56171875 0.6375 0.12265625 0.13515625
3 0.69140625 0.70546875 0.1875 0.1953125
3 0.38203125 0.6625 0.22109375 0.18046875
3 0.15625 0.76171875 0.2421875 0.3203125
3 0.1984375 0.39609375 0.16328125 0.1765625
3 0.52421875 0.346875 0.15234375 0.134375
3 0.65546875 0.28515625 0.20234375 0.1640625
3 0.79453125 0.23828125 0.16875 0.13828125
3 0.22421875 0.06640625 0.12265625 0.1203125
3 0.09609375 0.06171875 0.15625 0.1078125
3 0.3546875 0.04375 0.15625 0.0875
3 0.0875 0.25859375 0.11015625 0.12890625