3 0.7046875 0.7703125 0.4015625 0.196875
3 0.29140625 0.78828125 0.340625 0.19296875
3 0.12421875 0.9140625 0.2484375 0.16015625
3 0.90859375 0.87578125 0.1828125 0.19921875
3 0.4703125 0.30859375 0.24296875 0.12421875
3 0.12578125 0.26015625 0.2375 0.1515625
3 0.05 0.53359375 0.1 0.1015625
3 0.7484375 0.1828125 0.2703125 0.1625
3 0.515625 0.12421875 0.1640625 0.1265625
3 0.38828125 0.17421875 0.15078125 0.09296875
3 0.221875 0.06484375 0.10234375 0.0828125
3 0.07890625 0.159375 0.1578125 0.103125