3 0.8421875 0.5171875 0.159375 0.13828125
3 0.74453125 0.7 0.265625 0.17578125
3 0.53671875 0.546875 0.17421875 0.1578125
3 0.49453125 0.70234375 0.1828125 0.16015625
3 0.3234375 0.5375 0.14453125 0.128125
3 0.2828125 0.7515625 0.17421875 0.17421875
3 0.140625 0.5296875 0.12734375 0.1296875
3 0.08671875 0.7375 0.16875 0.196875
3 0.259375 0.17265625 0.11171875 0.13671875
3 0.3796875 0.18984375 0.1359375 0.12890625
3 0.51640625 0.20234375 0.1421875 0.15390625
3 0.6546875 0.2671875 0.103125 0.13984375
3 0.76484375 0.26796875 0.14296875 0.12421875
3 0.8953125 0.26484375 0.121875 0.12734375