3 0.071875 0.72109375 0.14296875 0.1015625
3 0.184375 0.74375 0.08984375 0.10390625
3 0.26171875 0.73984375 0.08359375 0.0671875
3 0.36796875 0.77578125 0.1 0.0859375
3 0.49921875 0.77734375 0.15859375 0.1171875
3 0.65234375 0.79609375 0.184375 0.1109375
3 0.8296875 0.66640625 0.1078125 0.10859375
3 0.5984375 0.65078125 0.1078125 0.0890625
3 0.50390625 0.64609375 0.096875 0.08359375
3 0.32890625 0.628125 0.09296875 0.07734375
3 0.1734375 0.6109375 0.0890625 0.08125
3 0.234375 0.6125 0.1046875 0.06875
3 0.3828125 0.55 0.11015625 0.084375
3 0.290625 0.5328125 0.09921875 0.096875
3 0.43515625 0.47421875 0.084375 0.0734375
3 0.5140625 0.484375 0.0734375 0.08359375
3 0.63671875 0.48515625 0.05546875 0.0765625
3 0.0359375 0.340625 0.0640625 0.05625
3 0.0765625 0.325 0.06328125 0.05
3 0.1109375 0.29296875 0.08828125 0.0546875
3 0.3859375 0.25625 0.05546875 0.05390625
3 0.48828125 0.26796875 0.05 0.04296875
3 0.7890625 0.3453125 0.06484375 0.128125
3 0.790625 0.23984375 0.06796875 0.1046875
3 0.6609375 0.34453125 0.08671875 0.16484375
3 0.8578125 0.77734375 0.15234375 0.08046875