3 0.13359375 0.915625 0.125 0.08359375
3 0.09765625 0.96875 0.08671875 0.06171875
3 0.159375 0.84765625 0.125 0.07734375
3 0.19453125 0.78125 0.1 0.0890625
3 0.2453125 0.72578125 0.09609375 0.09609375
3 0.309375 0.6734375 0.11640625 0.1140625
3 0.409375 0.63359375 0.14765625 0.09765625
3 0.4890625 0.578125 0.13984375 0.14921875
3 0.59765625 0.5203125 0.11328125 0.09921875
3 0.65 0.46640625 0.11484375 0.09921875
3 0.6921875 0.42421875 0.103125 0.10625
3 0.74375 0.40078125 0.08984375 0.0828125
3 0.7546875 0.346875 0.14140625 0.11328125
3 0.83984375 0.3203125 0.0921875 0.06484375
3 0.8515625 0.240625 0.07890625 0.05078125
3 0.84375 0.1859375 0.09140625 0.0546875
3 0.83046875 0.15078125 0.128125 0.0390625