3 0.13515625 0.85390625 0.2296875 0.14765625
3 0.30546875 0.8234375 0.1 0.11328125
3 0.4234375 0.615625 0.0875 0.10390625
3 0.46875 0.4828125 0.146875 0.13828125
3 0.55546875 0.65 0.12109375 0.11171875
3 0.6625 0.54375 0.15546875 0.18203125
3 0.7421875 0.415625 0.1046875 0.11796875
3 0.47421875 0.3140625 0.1578125 0.11640625
3 0.4703125 0.1875 0.13984375 0.11328125
3 0.2015625 0.25 0.1859375 0.10625
3 0.5578125 0.03984375 0.19140625 0.075
3 0.8234375 0.06484375 0.16796875 0.11875
3 0.24921875 0.13125 0.18125 0.11484375
3 0.06953125 0.1046875 0.13828125 0.09453125