3 0.19375 0.41171875 0.1765625 0.23671875
3 0.334375 0.425 0.12890625 0.25234375
3 0.50390625 0.41171875 0.14375 0.28671875
3 0.6296875 0.43984375 0.1546875 0.2265625
3 0.7015625 0.0921875 0.1296875 0.16015625
3 0.86796875 0.09921875 0.17265625 0.17734375
3 0.92890625 0.41796875 0.1421875 0.2609375
3 0.77578125 0.45234375 0.15625 0.1703125
3 0.1125 0.15390625 0.22421875 0.1828125
3 0.2375 0.046875 0.16640625 0.09375
3 0.05390625 0.440625 0.1078125 0.19375
3 0.10859375 0.93359375 0.165625 0.12421875
3 0.2984375 0.94140625 0.1546875 0.11640625
3 0.4640625 0.9375 0.1234375 0.12421875
3 0.6546875 0.94375 0.1765625 0.1125
3 0.825 0.9390625 0.1453125 0.11953125