3 0.23046875 0.76171875 0.13203125 0.12421875
3 0.39453125 0.88125 0.11953125 0.13203125
3 0.6875 0.865625 0.09609375 0.08515625
3 0.71953125 0.94765625 0.09765625 0.1015625
3 0.796875 0.884375 0.0859375 0.13515625
3 0.85390625 0.86640625 0.096875 0.11640625
3 0.64609375 0.69140625 0.12265625 0.1796875
3 0.44140625 0.61875 0.140625 0.10390625
3 0.26875 0.5546875 0.1234375 0.096875
3 0.32109375 0.478125 0.07890625 0.065625
3 0.07109375 0.37421875 0.0875 0.13046875
3 0.15 0.41015625 0.1140625 0.07578125
3 0.16171875 0.353125 0.10390625 0.10078125
3 0.59140625 0.50703125 0.10703125 0.0765625
3 0.58671875 0.4640625 0.071875 0.06875
3 0.70234375 0.57890625 0.06328125 0.0796875
3 0.76875 0.63828125 0.08359375 0.0890625
3 0.8203125 0.61640625 0.1015625 0.08671875
3 0.78359375 0.7453125 0.109375 0.1
3 0.89140625 0.71484375 0.1125 0.1171875
3 0.67578125 0.45 0.06953125 0.071875
3 0.44375 0.26953125 0.11328125 0.0859375
3 0.39375 0.12265625 0.14921875 0.12734375