3 0.4140625 0.5421875 0.221875 0.1953125
3 0.23515625 0.61953125 0.24375 0.2078125
3 0.08984375 0.6921875 0.1796875 0.196875
3 0.17109375 0.37421875 0.17890625 0.16171875
3 0.075 0.4328125 0.14921875 0.12265625
3 0.94296875 0.4171875 0.1140625 0.159375
3 0.8640625 0.3328125 0.13125 0.08984375
3 0.77890625 0.2765625 0.24140625 0.128125
3 0.6765625 0.253125 0.2546875 0.090625
3 0.56328125 0.2125 0.23046875 0.11484375
3 0.4890625 0.178125 0.25 0.12734375
3 0.36015625 0.1359375 0.265625 0.11796875
3 0.246875 0.1 0.24375 0.08828125
3 0.696875 0.88203125 0.5359375 0.2359375
3 0.85703125 0.84765625 0.2859375 0.27890625
3 0.41875 0.95 0.2328125 0.09921875