3 0.46484375 0.809375 0.21875 0.2125
3 0.55234375 0.72109375 0.23125 0.1828125
3 0.640625 0.6484375 0.2109375 0.184375
3 0.734375 0.5640625 0.17109375 0.159375
3 0.34765625 0.87109375 0.20625 0.1984375
3 0.20234375 0.9328125 0.165625 0.134375
3 0.7375 0.9375 0.2203125 0.12421875
3 0.84296875 0.88359375 0.228125 0.21484375
3 0.9046875 0.775 0.190625 0.19375
3 0.79375 0.4609375 0.15234375 0.11953125
3 0.87890625 0.40703125 0.21328125 0.1578125
3 0.36796875 0.38671875 0.13125 0.12578125
3 0.25625 0.4375 0.1671875 0.15625
3 0.175 0.515625 0.1421875 0.1375
3 0.09140625 0.56015625 0.121875 0.1265625
3 0.05859375 0.328125 0.1171875 0.13125
3 0.1375 0.2609375 0.12890625 0.15
3 0.3109375 0.1625 0.14609375 0.096875
3 0.36953125 0.12578125 0.125 0.0953125
3 0.4515625 0.078125 0.1609375 0.08828125
3 0.52890625 0.2765625 0.115625 0.09140625
3 0.56328125 0.20703125 0.11875 0.0859375
3 0.51953125 0.1609375 0.078125 0.05625
3 0.453125 0.33984375 0.1328125 0.11171875
3 0.6296875 0.165625 0.10234375 0.096875
3 0.6703125 0.10234375 0.15546875 0.1140625
3 0.91171875 0.33359375 0.159375 0.12734375