3 0.36953125 0.5921875 0.14609375 0.15078125
3 0.53359375 0.59375 0.1671875 0.09921875
3 0.69609375 0.57890625 0.16171875 0.13203125
3 0.859375 0.58125 0.13359375 0.13359375
3 0.728125 0.26015625 0.1953125 0.15625
3 0.375 0.34375 0.2203125 0.1296875
3 0.0765625 0.2578125 0.14375 0.0640625
3 0.48359375 0.24609375 0.15859375 0.06171875
3 0.52109375 0.096875 0.1328125 0.1359375
3 0.159375 0.07734375 0.190625 0.1546875
3 0.884375 0.06640625 0.23046875 0.1328125
3 0.5671875 0.45234375 0.234375 0.11015625