3 0.07109375 0.9109375 0.1375 0.16875
3 0.178125 0.87578125 0.16015625 0.2046875
3 0.29453125 0.84765625 0.16875 0.20390625
3 0.41640625 0.82578125 0.13359375 0.1890625
3 0.73359375 0.6046875 0.159375 0.12890625
3 0.7 0.50390625 0.1578125 0.1203125
3 0.65703125 0.39765625 0.16640625 0.12421875
3 0.63046875 0.3140625 0.14375 0.1
3 0.58515625 0.228125 0.15703125 0.115625
3 0.34140625 0.22578125 0.128125 0.1390625
3 0.2265625 0.27890625 0.1171875 0.1203125
3 0.10546875 0.2515625 0.109375 0.1125
3 0.0859375 0.16953125 0.10859375 0.11484375
3 0.0734375 0.09140625 0.1109375 0.1046875
3 0.91328125 0.28671875 0.14140625 0.1203125
3 0.8546875 0.20703125 0.10234375 0.0734375
3 0.83984375 0.1296875 0.14765625 0.09765625
3 0.7734375 0.05625 0.1328125 0.096875