3 0.67734375 0.88203125 0.32890625 0.2359375
3 0.54296875 0.92578125 0.26953125 0.1484375
3 0.32890625 0.5875 0.2328125 0.1828125
3 0.190625 0.66328125 0.1546875 0.18125
3 0.878125 0.5078125 0.171875 0.21875
3 0.94765625 0.56015625 0.10390625 0.21171875
3 0.77109375 0.43828125 0.16875 0.1609375
3 0.68125 0.38984375 0.15078125 0.13515625
3 0.58671875 0.35390625 0.14765625 0.1453125
3 0.50859375 0.30390625 0.18359375 0.14375
3 0.4578125 0.2796875 0.21484375 0.14765625
3 0.17578125 0.4421875 0.2 0.165625
3 0.05546875 0.50078125 0.1109375 0.146875