3 0.08046875 0.08984375 0.1609375 0.1765625
3 0.50859375 0.21484375 0.20390625 0.1796875
3 0.56875 0.403125 0.1453125 0.134375
3 0.49140625 0.52890625 0.12421875 0.12265625
3 0.0984375 0.4875 0.16015625 0.17109375
3 0.1 0.78828125 0.2 0.2203125
3 0.309375 0.9375 0.1421875 0.12421875
3 0.8765625 0.515625 0.1515625 0.096875
3 0.915625 0.4390625 0.1359375 0.13828125
3 0.70859375 0.4078125 0.1125 0.08828125
3 0.79140625 0.1640625 0.1875 0.140625
3 0.9296875 0.21015625 0.12421875 0.10234375
3 0.80859375 0.31015625 0.20703125 0.12734375
3 0.9625 0.31796875 0.0578125 0.0765625
3 0.66171875 0.03828125 0.146875 0.0765625
3 0.86328125 0.05 0.190625 0.1