3 0.259375 0.578125 0.1296875 0.11171875
3 0.4046875 0.50234375 0.16875 0.075
3 0.34921875 0.45234375 0.14140625 0.06875
3 0.5453125 0.446875 0.1578125 0.07265625
3 0.1984375 0.5046875 0.0921875 0.0703125
3 0.1171875 0.60859375 0.11953125 0.08359375
3 0.05078125 0.6609375 0.1015625 0.0953125
3 0.84921875 0.4125 0.13828125 0.12734375
3 0.67578125 0.3515625 0.0953125 0.065625
3 0.3828125 0.35390625 0.08828125 0.0546875
3 0.29765625 0.32109375 0.0984375 0.0609375
3 0.1875 0.42890625 0.13125 0.096875
3 0.08125 0.46171875 0.0921875 0.1078125
3 0.50625 0.2875 0.0953125 0.07890625
3 0.7109375 0.3015625 0.1046875 0.0796875
3 0.8 0.29609375 0.06953125 0.05390625
3 0.8421875 0.2546875 0.0703125 0.0609375
3 0.95 0.33125 0.08671875 0.06328125
3 0.92265625 0.2203125 0.05625 0.0578125