3 0.5375 0.54921875 0.1484375 0.0828125
3 0.478125 0.46484375 0.06484375 0.09296875
3 0.5734375 0.478125 0.1078125 0.08828125
3 0.4890625 0.35859375 0.11796875 0.0609375
3 0.49296875 0.2984375 0.075 0.065625
3 0.07265625 0.47578125 0.1453125 0.1890625
3 0.0671875 0.35234375 0.134375 0.1140625
3 0.0546875 0.73359375 0.1015625 0.0921875
3 0.04140625 0.63046875 0.0828125 0.11953125
3 0.43046875 0.2046875 0.146875 0.08359375
3 0.40078125 0.15546875 0.08515625 0.06796875
3 0.090625 0.1828125 0.14765625 0.1
3 0.66796875 0.30390625 0.0625 0.0609375
3 0.69453125 0.42890625 0.09140625 0.05546875