3 0.6328125 0.615625 0.14921875 0.25390625
3 0.43984375 0.6140625 0.121875 0.19609375
3 0.3 0.5765625 0.19921875 0.18671875
3 0.1625 0.54140625 0.09609375 0.14765625
3 0.0578125 0.5015625 0.115625 0.1546875
3 0.29921875 0.8828125 0.15625 0.2046875
3 0.48515625 0.90859375 0.16171875 0.18203125
3 0.128125 0.875 0.17109375 0.24375
3 0.69453125 0.41328125 0.13515625 0.15625
3 0.5890625 0.38515625 0.1046875 0.11796875
3 0.4390625 0.3671875 0.13828125 0.13515625
3 0.33984375 0.353125 0.0875 0.13671875
3 0.18359375 0.36171875 0.1953125 0.13671875
3 0.08984375 0.3109375 0.12109375 0.13984375
3 0.13984375 0.1765625 0.0890625 0.08515625
3 0.25390625 0.19296875 0.11328125 0.10859375
3 0.33828125 0.21015625 0.0859375 0.1015625
3 0.4421875 0.2390625 0.1140625 0.11328125
3 0.546875 0.24375 0.09140625 0.1109375
3 0.6390625 0.25625 0.1046875 0.11484375
3 0.75625 0.24609375 0.10234375 0.0921875