3 0.515625 0.61015625 0.13515625 0.10390625
3 0.67421875 0.59140625 0.11875 0.10546875
3 0.81484375 0.5921875 0.11015625 0.09609375
3 0.946875 0.5984375 0.10546875 0.0875
3 0.80703125 0.49921875 0.1078125 0.075
3 0.65859375 0.49453125 0.15390625 0.1015625
3 0.49296875 0.47109375 0.13828125 0.0671875
3 0.3453125 0.46328125 0.11796875 0.07265625
3 0.20859375 0.553125 0.14375 0.08046875
3 0.1125 0.55234375 0.13125 0.09296875
3 0.3515625 0.559375 0.1390625 0.07109375
3 0.6640625 0.37109375 0.09140625 0.0984375
3 0.8015625 0.3640625 0.07578125 0.08125