3 0.75078125 0.296875 0.25390625 0.39609375
3 0.67421875 0.434375 0.10390625 0.08671875
3 0.67421875 0.4734375 0.10625 0.05546875
3 0.7875 0.61015625 0.11015625 0.0703125
3 0.88359375 0.615625 0.10625 0.08203125
3 0.725 0.809375 0.11015625 0.15234375
3 0.59140625 0.57578125 0.0625 0.11875
3 0.6328125 0.6484375 0.08671875 0.11015625
3 0.46875 0.6953125 0.06015625 0.11015625
3 0.52578125 0.7265625 0.075 0.090625
3 0.34921875 0.80546875 0.07265625 0.08671875
3 0.128125 0.85234375 0.146875 0.09375
3 0.06328125 0.82109375 0.08125 0.0921875
3 0.190625 0.96953125 0.08046875 0.0609375
3 0.33203125 0.9640625 0.0859375 0.071875
3 0.36171875 0.92578125 0.0515625 0.06015625
3 0.43828125 0.95546875 0.04765625 0.0890625
3 0.5125 0.9234375 0.05546875 0.06875
3 0.61015625 0.95078125 0.08046875 0.08359375
3 0.678125 0.975 0.08125 0.05
3 0.89609375 0.946875 0.08671875 0.0984375
3 0.9171875 0.8421875 0.121875 0.0703125
3 0.87890625 0.66015625 0.08359375 0.10390625
3 0.8640625 0.75625 0.08984375 0.071875
3 0.52109375 0.45390625 0.0578125 0.0984375
3 0.359375 0.484375 0.075 0.090625
3 0.2375 0.36953125 0.05859375 0.09375
3 0.21015625 0.49140625 0.08984375 0.1
3 0.05546875 0.4953125 0.11015625 0.125
3 0.0765625 0.38828125 0.08515625 0.08828125
3 0.028125 0.27734375 0.05625 0.09375
3 0.12890625 0.16171875 0.0875 0.08359375
3 0.246875 0.11328125 0.09296875 0.13359375
3 0.3484375 0.08828125 0.0640625 0.096875
3 0.38671875 0.16171875 0.08671875 0.090625
3 0.428125 0.0859375 0.09296875 0.08828125
3 0.51171875 0.10859375 0.11171875 0.09375
3 0.53828125 0.1328125 0.0765625 0.06875
3 0.5828125 0.1328125 0.0765625 0.08828125
3 0.57265625 0.21796875 0.04609375 0.07890625
3 0.61484375 0.215625 0.06015625 0.04375
3 0.61015625 0.2609375 0.06015625 0.05703125
3 0.60625 0.31640625 0.06796875 0.05546875
3 0.59765625 0.37109375 0.0625 0.090625
3 0.54140625 0.34765625 0.06015625 0.090625
3 0.21328125 0.25390625 0.1 0.08671875
3 0.29609375 0.278125 0.06875 0.121875
3 0.39609375 0.29296875 0.0703125 0.08203125
3 0.37734375 0.35625 0.06484375 0.09375
3 0.059375 0.14453125 0.0515625 0.05859375
3 0.2734375 0.68359375 0.09375 0.1
3 0.334375 0.72265625 0.0578125 0.05859375
3 0.24296875 0.7609375 0.06796875 0.0921875
3 0.4140625 0.8 0.0640625 0.0984375
3 0.48671875 0.69375 0.07890625 0.096875
3 0.46484375 0.58203125 0.0828125 0.11875
3 0.40078125 0.653125 0.09296875 0.1203125
3 0.478125 0.4359375 0.05546875 0.096875
3 0.44375 0.409375 0.06171875 0.11015625
3 0.50859375 0.34453125 0.05 0.0671875
3 0.54296875 0.26484375 0.08671875 0.0953125
3 0.46953125 0.25703125 0.0703125 0.090625
3 0.48828125 0.20390625 0.07265625 0.096875
3 0.084375 0.6484375 0.07421875 0.09375
3 0.03515625 0.66875 0.0578125 0.11015625
3 0.16875 0.76171875 0.06171875 0.08046875
3 0.178125 0.59921875 0.1015625 0.13515625