3 0.34453125 0.71953125 0.1796875 0.14609375
3 0.08984375 0.73359375 0.17890625 0.1296875
3 0.5484375 0.74765625 0.19609375 0.128125
3 0.62109375 0.66640625 0.12109375 0.090625
3 0.8109375 0.71328125 0.17578125 0.09375
3 0.62578125 0.49453125 0.1953125 0.09375
3 0.81875 0.48828125 0.13671875 0.0640625
3 0.10625 0.57421875 0.2125 0.096875
3 0.32109375 0.61015625 0.14453125 0.0953125
3 0.2171875 0.5 0.103125 0.09921875
3 0.09375 0.48984375 0.09296875 0.1078125
3 0.3921875 0.478125 0.1953125 0.12109375
3 0.70390625 0.61640625 0.3109375 0.08828125
3 0.92890625 0.68203125 0.14140625 0.19921875