3 0.5828125 0.91875 0.05234375 0.06953125
3 0.65546875 0.928125 0.06015625 0.084375
3 0.79296875 0.9171875 0.07734375 0.0859375
3 0.79921875 0.9734375 0.0453125 0.04296875
3 0.91328125 0.9421875 0.05703125 0.07890625
3 0.88359375 0.9734375 0.059375 0.0421875
3 0.984375 0.88515625 0.03125 0.0578125
3 0.93359375 0.80546875 0.05234375 0.05078125
3 0.93671875 0.8765625 0.05078125 0.05
3 0.86640625 0.8078125 0.04375 0.07265625
3 0.85546875 0.74296875 0.0375 0.05078125
3 0.721875 0.81640625 0.05078125 0.0640625
3 0.653125 0.80078125 0.0375 0.05859375
3 0.23125 0.81484375 0.046875 0.04453125
3 0.109375 0.8515625 0.05 0.0671875
3 0.01015625 0.834375 0.015625 0.03828125
3 0.025 0.6625 0.04375 0.04296875
3 0.0453125 0.7109375 0.05 0.06796875
3 0.12109375 0.7625 0.04921875 0.06796875
3 0.15234375 0.78359375 0.0390625 0.06953125
3 0.278125 0.6734375 0.0421875 0.07109375
3 0.21796875 0.659375 0.05 0.0671875
3 0.15625 0.67734375 0.08515625 0.06015625
3 0.18359375 0.5671875 0.040625 0.0328125
3 0.27734375 0.4859375 0.03984375 0.04140625
3 0.27109375 0.38203125 0.03203125 0.03125
3 0.2078125 0.4296875 0.0375 0.02421875
3 0.2296875 0.5015625 0.0296875 0.0234375
3 0.540625 0.72421875 0.04453125 0.0609375
3 0.60234375 0.815625 0.01953125 0.0359375
3 0.59921875 0.728125 0.03359375 0.05546875
3 0.58125 0.6140625 0.0796875 0.07265625
3 0.58125 0.5515625 0.08046875 0.07734375
3 0.66953125 0.584375 0.075 0.06015625
3 0.65703125 0.665625 0.03671875 0.053125
3 0.65703125 0.734375 0.0359375 0.059375
3 0.7078125 0.64453125 0.0359375 0.04765625
3 0.75234375 0.65 0.03203125 0.05625
3 0.759375 0.69609375 0.03359375 0.04140625
3 0.7734375 0.746875 0.03203125 0.05
3 0.78984375 0.83125 0.03828125 0.0671875
3 0.86328125 0.91796875 0.0328125 0.04375
3 0.79453125 0.43125 0.0453125 0.04609375
3 0.7109375 0.45546875 0.02734375 0.04140625
3 0.67265625 0.48046875 0.03046875 0.04140625
3 0.60859375 0.46484375 0.0328125 0.04375
3 0.53984375 0.4140625 0.03984375 0.04296875
3 0.60625 0.3875 0.0328125 0.0421875
3 0.60625 0.43125 0.03046875 0.03046875
3 0.70703125 0.4 0.02890625 0.03984375
3 0.6921875 0.36171875 0.02578125 0.0390625
3 0.8046875 0.6421875 0.02421875 0.0375
3 0.79140625 0.5109375 0.0296875 0.04453125
3 0.140625 0.5546875 0.03203125 0.03515625
3 0.06640625 0.559375 0.03046875 0.028125
3 0.03359375 0.56328125 0.02265625 0.03046875
3 0.1953125 0.478125 0.0234375 0.03046875
3 0.17578125 0.46875 0.02265625 0.03125
3 0.22421875 0.3125 0.03125 0.03203125
3 0.234375 0.26171875 0.02734375 0.025
3 0.2078125 0.26171875 0.028125 0.028125
3 0.08828125 0.45859375 0.02109375 0.02578125
3 0.03046875 0.39140625 0.0296875 0.021875
3 0.14765625 0.309375 0.02109375 0.021875