3 0.61171875 0.5375 0.146875 0.1359375
3 0.41640625 0.55703125 0.103125 0.16328125
3 0.265625 0.54453125 0.1140625 0.115625
3 0.1359375 0.5328125 0.090625 0.121875
3 0.10546875 0.73359375 0.10703125 0.165625
3 0.23125 0.75625 0.121875 0.1796875
3 0.396875 0.7296875 0.11953125 0.18828125
3 0.54921875 0.71171875 0.1546875 0.22421875
3 0.02734375 0.5140625 0.0546875 0.15390625
3 0.0328125 0.18671875 0.065625 0.13984375
3 0.12421875 0.203125 0.084375 0.11796875
3 0.2234375 0.2 0.09453125 0.1328125
3 0.3171875 0.2171875 0.08984375 0.1359375
3 0.4078125 0.2234375 0.090625 0.115625
3 0.49296875 0.284375 0.0875 0.09609375
3 0.58203125 0.2921875 0.09140625 0.10234375
3 0.675 0.296875 0.08515625 0.1234375
3 0.74921875 0.29140625 0.10546875 0.10078125
3 0.86953125 0.17109375 0.121875 0.1140625
3 0.2484375 0.0609375 0.04296875 0.0609375