3 0.76796875 0.63359375 0.14609375 0.103125
3 0.60078125 0.53515625 0.11640625 0.140625
3 0.7046875 0.40078125 0.08125 0.06953125
3 0.753125 0.328125 0.090625 0.0703125
3 0.9265625 0.33828125 0.11015625 0.078125
3 0.575 0.334375 0.12734375 0.0640625
3 0.4078125 0.3390625 0.10859375 0.09453125
3 0.18203125 0.30703125 0.11328125 0.0703125
3 0.10390625 0.3953125 0.13125 0.08984375
3 0.25703125 0.228125 0.09921875 0.07265625
3 0.159375 0.23203125 0.0921875 0.0484375
3 0.0296875 0.24375 0.059375 0.06328125
3 0.109375 0.1609375 0.08203125 0.053125
3 0.0390625 0.64765625 0.078125 0.10078125