4 0.5576967592592592 0.3725347222222222 0.13819444444444445 0.06194444444444454
4 0.6820891203703704 0.4185011574074074 0.10434027777777785 0.07575231481481488
4 0.677951388888889 0.49667824074074074 0.10535300925925917 0.08200810185185184
4 0.5627893518518519 0.5522337962962963 0.10975115740740726 0.053142361111111036
4 0.38990162037037035 0.3784664351851852 0.1565393518518518 0.07223379629629623
4 0.2546875 0.4412037037037037 0.10561342592592596 0.08903935185185183
4 0.2651041666666667 0.5114583333333333 0.12118055555555554 0.06650462962962962
4 0.3676793981481482 0.5591493055555555 0.12491319444444446 0.061846064814814736
4 0.6041087962962963 0.44408564814814816 0.08758680555555554 0.04516782407407405
4 0.6122106481481481 0.4940393518518519 0.0862268518518519 0.05062500000000014
4 0.3641493055555555 0.46383680555555556 0.1153935185185185 0.03678240740740737
4 0.37676504629629626 0.5090682870370371 0.09082754629629637 0.04831597222222221
4 0.45109953703703703 0.5327430555555556 0.05989583333333322 0.056678240740740723