4 0.5604861111111111 0.38461805555555556 0.13864583333333336 0.06295138888888889
4 0.6852256944444444 0.4333101851851852 0.10489583333333333 0.07650462962962959
4 0.6816666666666666 0.5113310185185185 0.10595486111111115 0.08276620370370366
4 0.5669097222222221 0.5642824074074074 0.11013888888888879 0.05394097222222225
4 0.39272569444444444 0.3868171296296296 0.15706597222222224 0.07337384259259264
4 0.25796874999999997 0.44649884259259254 0.10626736111111112 0.08979745370370366
4 0.26890625 0.5169270833333333 0.12166666666666667 0.06738425925925924
4 0.37184027777777773 0.5668576388888888 0.12536458333333336 0.06275462962962966
4 0.6074305555555556 0.4571412037037037 0.08791666666666664 0.045804398148148094
4 0.6159027777777778 0.5072337962962964 0.08659722222222221 0.05124999999999993
4 0.3676041666666666 0.4715451388888889 0.11565972222222225 0.03762731481481474
4 0.38055555555555554 0.5170196759259259 0.09118055555555564 0.048975694444444426
4 0.4550694444444444 0.542326388888889 0.06031249999999986 0.05710648148148145