3 0.2671875 0.47265625 0.25234375 0.18984375
3 0.40234375 0.54296875 0.23984375 0.21953125
3 0.59296875 0.67109375 0.3375 0.2796875
3 0.85390625 0.478125 0.23828125 0.20625
3 0.6765625 0.3921875 0.2234375 0.15390625
3 0.55 0.3390625 0.2015625 0.146875
3 0.8 0.228125 0.13359375 0.128125
3 0.96484375 0.125 0.06953125 0.109375
3 0.52578125 0.18359375 0.14453125 0.1015625
3 0.35234375 0.2546875 0.17265625 0.121875
3 0.12109375 0.3375 0.21328125 0.15078125
3 0.18203125 0.2 0.16015625 0.1375
3 0.34453125 0.15234375 0.134375 0.12734375
3 0.06875 0.12890625 0.13671875 0.1484375
3 0.18671875 0.096875 0.15703125 0.165625
3 0.38125 0.04140625 0.13671875 0.0828125
3 0.54765625 0.0828125 0.14140625 0.0875
3 0.6140625 0.15 0.14921875 0.1
3 0.83125 0.0671875 0.2484375 0.11328125
3 0.934375 0.7890625 0.13046875 0.265625
3 0.0859375 0.875 0.171875 0.24296875