3 0.42421875 0.78046875 0.1921875 0.20234375
3 0.2171875 0.87421875 0.19921875 0.1671875
3 0.684375 0.5859375 0.15078125 0.17734375
3 0.5015625 0.50703125 0.16015625 0.13828125
3 0.3796875 0.440625 0.15078125 0.11640625
3 0.19609375 0.58125 0.17109375 0.134375
3 0.765625 0.41328125 0.1578125 0.125
3 0.940625 0.45390625 0.11875 0.15
3 0.62890625 0.36015625 0.18125 0.1328125
3 0.48828125 0.2953125 0.11953125 0.109375
3 0.11015625 0.35703125 0.140625 0.09375
3 0.35234375 0.25078125 0.09375 0.08046875
3 0.24140625 0.209375 0.10625 0.1078125
3 0.1359375 0.175 0.09453125 0.07578125
3 0.0484375 0.290625 0.096875 0.115625