3 0.4953125 0.61796875 0.22109375 0.15625
3 0.7015625 0.5609375 0.20390625 0.1265625
3 0.8421875 0.5125 0.1546875 0.11015625
3 0.23046875 0.68671875 0.21875 0.18828125
3 0.29765625 0.5328125 0.134375 0.10625
3 0.44140625 0.4921875 0.09765625 0.07890625
3 0.6015625 0.4609375 0.09921875 0.053125
3 0.6671875 0.4328125 0.078125 0.07734375
3 0.08671875 0.5515625 0.16015625 0.11328125
3 0.2078125 0.46484375 0.1078125 0.078125
3 0.371875 0.4359375 0.12421875 0.059375
3 0.5140625 0.4171875 0.12265625 0.06171875