3 0.13515625 0.76875 0.2703125 0.334375
3 0.3984375 0.640625 0.1453125 0.15625
3 0.2703125 0.5390625 0.1578125 0.11953125
3 0.41640625 0.48671875 0.12109375 0.14140625
3 0.56015625 0.4578125 0.103125 0.12109375
3 0.609375 0.43125 0.09140625 0.11875
3 0.71015625 0.41015625 0.10859375 0.09140625
3 0.77421875 0.375 0.1 0.09375
3 0.91953125 0.46953125 0.159375 0.1609375
3 0.32265625 0.3953125 0.14453125 0.11875
3 0.0984375 0.45 0.1109375 0.071875
3 0.11484375 0.24765625 0.14375 0.08046875
3 0.41484375 0.24140625 0.09453125 0.0796875
3 0.8734375 0.2046875 0.07421875 0.05