3 0.0859375 0.65234375 0.1359375 0.12734375
3 0.26171875 0.58359375 0.128125 0.14609375
3 0.5 0.63515625 0.17421875 0.13671875
3 0.38515625 0.54453125 0.16015625 0.1546875
3 0.475 0.49453125 0.1046875 0.11015625
3 0.615625 0.44921875 0.0890625 0.0859375
3 0.671875 0.40625 0.1015625 0.11796875
3 0.75625 0.36484375 0.0890625 0.0828125
3 0.8359375 0.340625 0.0546875 0.084375
3 0.94140625 0.37109375 0.11640625 0.0734375
3 0.925 0.2765625 0.11484375 0.0875
3 0.29140625 0.19140625 0.09375 0.0703125
3 0.3953125 0.159375 0.11328125 0.0875
3 0.0828125 0.2515625 0.10234375 0.084375
3 0.2109375 0.24375 0.0890625 0.065625
3 0.32421875 0.2359375 0.0625 0.065625