3 0.425 0.715625 0.3265625 0.27734375
3 0.715625 0.57421875 0.19453125 0.1640625
3 0.165625 0.58359375 0.1734375 0.15390625
3 0.0796875 0.53046875 0.159375 0.1234375
3 0.35234375 0.46640625 0.1375 0.1046875
3 0.57421875 0.50078125 0.15625 0.1265625
3 0.4875 0.4203125 0.1390625 0.090625
3 0.253125 0.4109375 0.1390625 0.103125
3 0.12265625 0.38046875 0.128125 0.0921875
3 0.21875 0.353125 0.12421875 0.084375
3 0.36875 0.3828125 0.1234375 0.096875
3 0.4921875 0.328125 0.1015625 0.06953125
3 0.2765625 0.27109375 0.0796875 0.0765625
3 0.33125 0.28125 0.0609375 0.05703125
3 0.41875 0.28203125 0.0640625 0.05546875
3 0.2 0.275 0.0796875 0.06015625
3 0.134375 0.31875 0.1359375 0.075
3 0.6015625 0.35859375 0.12421875 0.08359375
3 0.69609375 0.41875 0.11328125 0.0875
3 0.82421875 0.52265625 0.16328125 0.1390625
3 0.92578125 0.41484375 0.125 0.1296875
3 0.78828125 0.37734375 0.15234375 0.0734375
3 0.71875 0.32421875 0.1015625 0.0859375