3 0.86484375 0.85390625 0.2703125 0.21171875
3 0.7671875 0.46015625 0.15703125 0.14765625
3 0.75546875 0.5625 0.16328125 0.09609375
3 0.93515625 0.67890625 0.1296875 0.14765625
3 0.4046875 0.4453125 0.12265625 0.08515625
3 0.19921875 0.3109375 0.1390625 0.103125
3 0.4125 0.2734375 0.13359375 0.07265625
3 0.9734375 0.5078125 0.053125 0.115625
3 0.6765625 0.30859375 0.11484375 0.065625
3 0.5375 0.37109375 0.0703125 0.0625
3 0.19921875 0.46484375 0.19140625 0.14921875
3 0.434375 0.22890625 0.040625 0.03515625