3 0.8109375 0.47578125 0.12265625 0.17890625
3 0.63984375 0.3078125 0.1140625 0.178125
3 0.68671875 0.35625 0.071875 0.15546875
3 0.44765625 0.26875 0.06015625 0.09609375
3 0.375 0.14609375 0.10234375 0.1125
3 0.2125 0.23671875 0.09453125 0.09921875
3 0.1921875 0.33671875 0.09921875 0.14921875
3 0.10546875 0.44609375 0.14296875 0.1796875
3 0.02578125 0.51640625 0.05078125 0.115625
3 0.0984375 0.21328125 0.109375 0.090625
3 0.26953125 0.13984375 0.1203125 0.1765625
3 0.0921875 0.0671875 0.1671875 0.1125
3 0.05 0.140625 0.1 0.1046875
3 0.16640625 0.165625 0.084375 0.06875
3 0.56640625 0.26640625 0.10703125 0.18984375
3 0.89765625 0.590625 0.0578125 0.1796875
3 0.91484375 0.91640625 0.11015625 0.16015625
3 0.85 0.05390625 0.11171875 0.1015625
3 0.696875 0.084375 0.134375 0.15234375
3 0.6140625 0.040625 0.09375 0.078125
3 0.8890625 0.30234375 0.21171875 0.20234375
3 0.90546875 0.20625 0.1015625 0.08046875
3 0.5109375 0.13984375 0.18671875 0.17890625
3 0.97421875 0.09921875 0.04921875 0.06640625
3 0.97734375 0.1875 0.0453125 0.08828125
3 0.91328125 0.1515625 0.08203125 0.08671875