3 0.1 0.82734375 0.0359375 0.0625
3 0.01875 0.953125 0.03671875 0.059375
3 0.11328125 0.878125 0.08046875 0.09609375
3 0.1953125 0.8015625 0.0421875 0.07578125
3 0.2078125 0.87734375 0.09140625 0.075
3 0.28984375 0.81015625 0.0484375 0.078125
3 0.25390625 0.821875 0.03359375 0.08046875
3 0.33359375 0.96171875 0.08515625 0.07578125
3 0.21484375 0.975 0.0703125 0.04921875
3 0.39375 0.94921875 0.06875 0.1015625
3 0.47421875 0.91484375 0.0859375 0.07421875
3 0.5265625 0.97109375 0.03984375 0.0578125
3 0.5828125 0.9390625 0.0515625 0.0859375
3 0.65546875 0.91640625 0.05703125 0.0828125
3 0.77890625 0.91328125 0.075 0.10703125
3 0.70703125 0.91328125 0.04921875 0.0875
3 0.70703125 0.96328125 0.05 0.06640625
3 0.8875 0.76484375 0.0703125 0.10625
3 0.871875 0.690625 0.06328125 0.05625
3 0.9734375 0.73203125 0.053125 0.0609375
3 0.9796875 0.80390625 0.040625 0.10078125
3 0.73125 0.678125 0.0484375 0.0671875
3 0.75078125 0.74921875 0.07578125 0.09765625
3 0.65390625 0.76640625 0.0703125 0.0703125
3 0.58984375 0.79921875 0.05859375 0.07890625
3 0.4921875 0.7921875 0.05546875 0.0875
3 0.425 0.8375 0.05390625 0.053125
3 0.38125 0.7640625 0.034375 0.06171875
3 0.309375 0.86328125 0.04453125 0.0703125
3 0.43671875 0.7890625 0.03046875 0.04765625
3 0.53828125 0.775 0.04453125 0.0953125
3 0.48125 0.73671875 0.04296875 0.03984375
3 0.63203125 0.71484375 0.0265625 0.05234375
3 0.80859375 0.16171875 0.05703125 0.05078125
3 0.62265625 0.090625 0.0421875 0.046875
3 0.528125 0.06640625 0.06640625 0.040625
3 0.28671875 0.12421875 0.06328125 0.04921875
3 0.09140625 0.221875 0.04453125 0.0515625
3 0.03359375 0.184375 0.03515625 0.03984375
3 0.11796875 0.04921875 0.0984375 0.06640625
3 0.32421875 0.059375 0.084375 0.078125
3 0.39921875 0.10625 0.04609375 0.0453125
3 0.5875 0.72890625 0.07421875 0.05703125
3 0.86796875 0.615625 0.0984375 0.0609375