3 0.6328125 0.53046875 0.19921875 0.12421875
3 0.58203125 0.6390625 0.11015625 0.12109375
3 0.5234375 0.72421875 0.1203125 0.15703125
3 0.3984375 0.72265625 0.12421875 0.18046875
3 0.4171875 0.56171875 0.13046875 0.13984375
3 0.27265625 0.54375 0.1265625 0.14140625
3 0.14453125 0.50546875 0.08671875 0.19140625
3 0.06796875 0.50390625 0.05546875 0.15390625
3 0.03828125 0.48125 0.0765625 0.1671875
3 0.31953125 0.228125 0.0953125 0.1265625
3 0.4125 0.21640625 0.0921875 0.13515625
3 0.48671875 0.2765625 0.09140625 0.11796875
3 0.57890625 0.2921875 0.0828125 0.12265625
3 0.675 0.28125 0.103125 0.14140625
3 0.76328125 0.290625 0.10859375 0.11640625
3 0.86875 0.1671875 0.121875 0.13828125
3 0.11640625 0.19375 0.09609375 0.13125
3 0.04453125 0.17578125 0.0890625 0.17578125
3 0.24921875 0.06796875 0.08515625 0.078125
3 0.30859375 0.11328125 0.05390625 0.0703125
3 0.084375 0.7484375 0.16796875 0.21640625
3 0.23828125 0.734375 0.125 0.19453125
3 0.21796875 0.21640625 0.0890625 0.19375