3 0.93984375 0.3609375 0.1078125 0.11953125
3 0.7484375 0.19453125 0.0546875 0.0546875
3 0.78984375 0.140625 0.0921875 0.08203125
3 0.81953125 0.05390625 0.05859375 0.05625
3 0.7046875 0.5265625 0.11015625 0.0921875
3 0.78359375 0.45 0.0703125 0.08671875
3 0.81953125 0.6578125 0.05859375 0.096875
3 0.7296875 0.93515625 0.103125 0.1296875
3 0.5703125 0.92890625 0.08984375 0.11484375
3 0.309375 0.85390625 0.121875 0.10390625
3 0.1953125 0.6671875 0.1015625 0.10078125
3 0.2046875 0.54140625 0.09453125 0.09375
3 0.15 0.3453125 0.084375 0.08203125
3 0.40078125 0.1734375 0.03671875 0.06796875
3 0.40234375 0.10546875 0.07109375 0.09296875
3 0.434375 0.30859375 0.0765625 0.1078125
3 0.4953125 0.49375 0.0515625 0.09375
3 0.54140625 0.621875 0.0640625 0.09375
3 0.56796875 0.43203125 0.0875 0.078125
3 0.73125 0.33046875 0.07421875 0.0828125
3 0.64375 0.20546875 0.053125 0.0671875
3 0.5953125 0.140625 0.04296875 0.0703125
3 0.63046875 0.15234375 0.0484375 0.07109375
3 0.471875 0.7640625 0.06171875 0.08359375
3 0.721875 0.621875 0.05625 0.10390625
3 0.5359375 0.23515625 0.08828125 0.09296875