7 0.94296875 0.31875 0.1109375 0.328125
7 0.9234375 0.73203125 0.103125 0.3578125
7 0.2640625 0.1875 0.16875 0.3
7 0.10703125 0.321875 0.1 0.128125
7 0.0609375 0.028125 0.090625 0.05625
7 0.14453125 0.5515625 0.1671875 0.165625
7 0.30234375 0.55390625 0.14375 0.2296875
7 0.0203125 0.66015625 0.040625 0.090625
7 0.18359375 0.81796875 0.2828125 0.2203125
7 0.37265625 0.94140625 0.059375 0.1171875
7 0.57734375 0.04140625 0.2140625 0.0828125
7 0.62265625 0.66171875 0.4796875 0.6765625
7 0.79921875 0.02578125 0.0234375 0.0328125
7 0.83515625 0.08046875 0.0328125 0.0328125
7 0.86640625 0.125 0.0328125 0.059375
7 0.40234375 0.059375 0.0703125 0.1125
7 0.48359375 0.1171875 0.0421875 0.053125
7 0.27109375 0.0125 0.0515625 0.025