3 0.14765625 0.5265625 0.0515625 0.03984375
3 0.1125 0.534375 0.0171875 0.021875
3 0.15859375 0.48984375 0.01328125 0.02109375
3 0.0828125 0.8046875 0.02578125 0.02578125
3 0.1109375 0.80078125 0.03515625 0.02734375
3 0.19296875 0.9 0.04375 0.0265625
3 0.190625 0.85078125 0.05078125 0.040625
3 0.1953125 0.790625 0.0265625 0.02578125
3 0.33984375 0.88671875 0.01875 0.0296875
3 0.31328125 0.8359375 0.03671875 0.03515625
3 0.3390625 0.80234375 0.0375 0.0359375
3 0.30390625 0.78046875 0.03359375 0.0265625
3 0.28203125 0.77578125 0.0171875 0.03046875
3 0.32578125 0.73671875 0.03515625 0.034375
3 0.4234375 0.7328125 0.02734375 0.01875
3 0.4375 0.74765625 0.0421875 0.0265625
3 0.46640625 0.78515625 0.02109375 0.02109375
3 0.41171875 0.86328125 0.03203125 0.04375
3 0.3875 0.93203125 0.0375 0.05
3 0.3765625 0.9796875 0.0203125 0.03515625
3 0.35625 0.94921875 0.0328125 0.0515625
3 0.3171875 0.946875 0.0359375 0.03203125
3 0.3234375 0.98125 0.03984375 0.03046875
3 0.43828125 0.98515625 0.0265625 0.0296875
3 0.41875 0.9296875 0.02265625 0.0390625
3 0.5046875 0.97109375 0.04140625 0.05625
3 0.54375 0.95859375 0.03046875 0.04375
3 0.615625 0.984375 0.02109375 0.0265625
3 0.6421875 0.98515625 0.03203125 0.02421875
3 0.58984375 0.90546875 0.03671875 0.04921875
3 0.6296875 0.8953125 0.04453125 0.0421875
3 0.6734375 0.86015625 0.0453125 0.053125
3 0.6859375 0.78671875 0.04140625 0.03125
3 0.71875 0.7703125 0.028125 0.02890625
3 0.603125 0.859375 0.03515625 0.0328125
3 0.565625 0.85625 0.03359375 0.034375
3 0.49453125 0.83046875 0.034375 0.03203125
3 0.49453125 0.81328125 0.02890625 0.028125
3 0.53125 0.80625 0.0265625 0.02578125
3 0.49453125 0.73828125 0.02421875 0.01953125
3 0.53359375 0.74765625 0.0359375 0.02109375
3 0.50546875 0.75625 0.0328125 0.0234375
3 0.5171875 0.77890625 0.03515625 0.02109375
3 0.74140625 0.9640625 0.0296875 0.03125
3 0.74765625 0.9046875 0.0375 0.03984375
3 0.7453125 0.82421875 0.0203125 0.02578125
3 0.7703125 0.846875 0.04296875 0.04453125
3 0.80234375 0.87421875 0.03046875 0.025
3 0.85625 0.7859375 0.04375 0.04140625
3 0.884375 0.84765625 0.05390625 0.04296875
3 0.9703125 0.93203125 0.040625 0.0359375
3 0.8375 0.98984375 0.034375 0.0203125
3 0.91015625 0.94765625 0.03359375 0.04609375
3 0.98515625 0.70078125 0.02890625 0.04453125
3 0.89140625 0.66796875 0.02734375 0.025
3 0.871875 0.6359375 0.0203125 0.015625
3 0.85078125 0.69140625 0.03046875 0.0265625
3 0.81875 0.66484375 0.02109375 0.01796875
3 0.80078125 0.66953125 0.02421875 0.025
3 0.7765625 0.68984375 0.03359375 0.0234375
3 0.75078125 0.70390625 0.02734375 0.0203125
3 0.80390625 0.7140625 0.021875 0.02109375
3 0.7828125 0.71953125 0.021875 0.0171875
3 0.79296875 0.7375 0.021875 0.01796875
3 0.76875 0.7375 0.0265625 0.0265625
3 0.82109375 0.71484375 0.0375 0.03515625
3 0.69296875 0.73203125 0.0375 0.02890625
3 0.66953125 0.73828125 0.0328125 0.02890625
3 0.56484375 0.70859375 0.01796875 0.01953125
3 0.58515625 0.7328125 0.03125 0.03359375
3 0.59921875 0.72109375 0.025 0.02109375
3 0.6765625 0.68359375 0.02109375 0.01875
3 0.6453125 0.65390625 0.02578125 0.028125
3 0.615625 0.6453125 0.01953125 0.02265625
3 0.6 0.634375 0.03046875 0.02109375
3 0.565625 0.64296875 0.02890625 0.0203125
3 0.5296875 0.659375 0.0265625 0.03046875
3 0.565625 0.6703125 0.0296875 0.01875
3 0.490625 0.6734375 0.03671875 0.025
3 0.1765625 0.9765625 0.03125 0.03203125
3 0.1984375 0.971875 0.03125 0.0421875
3 0.3109375 0.8890625 0.03671875 0.02734375
3 0.5078125 0.88671875 0.0328125 0.0375
3 0.61328125 0.9546875 0.015625 0.0171875
3 0.7828125 0.56171875 0.01796875 0.015625
3 0.7484375 0.59140625 0.01796875 0.01171875
3 0.7640625 0.5875 0.015625 0.01484375
3 0.7296875 0.5828125 0.01875 0.01796875
3 0.69921875 0.59296875 0.01484375 0.00859375
3 0.7296875 0.61328125 0.02109375 0.02109375
3 0.709375 0.63046875 0.01640625 0.0109375
3 0.70390625 0.6234375 0.02265625 0.009375
3 0.72578125 0.640625 0.0140625 0.0140625
3 0.66796875 0.63984375 0.0109375 0.01015625
3 0.65625 0.62578125 0.01953125 0.01640625
3 0.6421875 0.621875 0.0046875 0.01171875
3 0.61171875 0.58515625 0.015625 0.0140625
3 0.53203125 0.50390625 0.02109375 0.02265625
3 0.4921875 0.5 0.015625 0.0140625
3 0.5265625 0.46796875 0.0140625 0.01328125
3 0.5 0.47421875 0.01640625 0.01328125
3 0.54375 0.51953125 0.015625 0.01328125
3 0.55546875 0.52578125 0.01484375 0.0109375
3 0.56953125 0.53671875 0.0234375 0.0140625
3 0.60234375 0.52734375 0.01484375 0.0140625
3 0.634375 0.53203125 0.01015625 0.009375
3 0.64296875 0.5140625 0.009375 0.01171875
3 0.6484375 0.4734375 0.01328125 0.0109375
3 0.66015625 0.47890625 0.0140625 0.0125
3 0.7 0.5078125 0.015625 0.01015625
3 0.7140625 0.51640625 0.0203125 0.01328125
3 0.75546875 0.528125 0.02421875 0.01328125
3 0.7546875 0.54296875 0.01875 0.0125
3 0.721875 0.5234375 0.01640625 0.0140625
3 0.73984375 0.5328125 0.0125 0.01640625
3 0.515625 0.45390625 0.01328125 0.01796875
3 0.55234375 0.44609375 0.0140625 0.0125
3 0.58984375 0.43203125 0.0140625 0.0125
3 0.60546875 0.453125 0.01328125 0.01171875
3 0.596875 0.47734375 0.015625 0.0109375
3 0.58359375 0.4890625 0.01484375 0.00859375
3 0.57109375 0.49375 0.01328125 0.0140625
3 0.55234375 0.4921875 0.0109375 0.009375
3 0.56015625 0.48515625 0.01171875 0.00625
3 0.58203125 0.5109375 0.01796875 0.0125
3 0.61875 0.5125 0.01171875 0.0125
3 0.61953125 0.4546875 0.01171875 0.009375
3 0.56484375 0.459375 0.009375 0.00703125
3 0.571875 0.44375 0.0125 0.009375
3 0.3953125 0.496875 0.0171875 0.015625
3 0.3859375 0.49765625 0.0171875 0.0125
3 0.33984375 0.52890625 0.02421875 0.01640625
3 0.31796875 0.51796875 0.0203125 0.0125
3 0.3625 0.4890625 0.01640625 0.01171875
3 0.38203125 0.4796875 0.02265625 0.015625
3 0.34609375 0.46796875 0.01484375 0.01171875
3 0.346875 0.4578125 0.0203125 0.01015625
3 0.31484375 0.47578125 0.00859375 0.00703125
3 0.31796875 0.45859375 0.01953125 0.01015625
3 0.26640625 0.46953125 0.01640625 0.01015625
3 0.25078125 0.4734375 0.01875 0.01484375
3 0.25234375 0.50390625 0.025 0.01328125
3 0.24921875 0.48984375 0.021875 0.01171875
3 0.2953125 0.49609375 0.01328125 0.01796875
3 0.29375 0.53203125 0.021875 0.01171875
3 0.2953125 0.5640625 0.0234375 0.01796875
3 0.278125 0.5609375 0.00703125 0.01015625
3 0.28515625 0.57265625 0.0203125 0.01953125
3 0.26328125 0.5625 0.01796875 0.0125
3 0.26484375 0.57734375 0.01640625 0.0078125
3 0.26328125 0.590625 0.02265625 0.01875
3 0.1859375 0.3453125 0.02109375 0.02890625
3 0.19296875 0.27109375 0.0234375 0.015625
3 0.2296875 0.28515625 0.0171875 0.0140625
3 0.15859375 0.27421875 0.04921875 0.021875
3 0.10546875 0.2671875 0.0265625 0.0203125
3 0.06875 0.27265625 0.02734375 0.01640625
3 0.03828125 0.27265625 0.025 0.01171875
3 0.0671875 0.2921875 0.03125 0.01796875
3 0.11328125 0.28984375 0.05703125 0.02578125
3 0.15 0.2953125 0.00859375 0.0125
3 0.16015625 0.29921875 0.01328125 0.01484375
3 0.16328125 0.321875 0.0546875 0.01484375
3 0.109375 0.32265625 0.04765625 0.0125
3 0.05703125 0.321875 0.05625 0.0140625
3 0.12265625 0.30859375 0.040625 0.01015625
3 0.15078125 0.3078125 0.00859375 0.0109375
3 0.175 0.31015625 0.04375 0.015625
3 0.075 0.31015625 0.05625 0.009375
3 0.12890625 0.2703125 0.01640625 0.01171875