3 0.38203125 0.734375 0.0578125 0.0546875
3 0.54375 0.8046875 0.2546875 0.14765625
3 0.72109375 0.8171875 0.12265625 0.1984375
3 0.140625 0.67890625 0.1078125 0.13984375
3 0.29765625 0.271875 0.07265625 0.08515625
3 0.28359375 0.20234375 0.025 0.03828125
3 0.3125 0.21875 0.01875 0.03359375
3 0.23084531875 0.2780096359375 0.2501641125 0.20913613749999999 0.01685948125 0.07248424375 0.00216775625 0.13772451562500002 0.23084531875 0.2780096359375
3 0.0217103390625 0.0307854703125 0.2565601078125 0.1666735015625 0.2773463671875 0.10572360624999999 0.0863539328125 0.003455071875 0.01054461875 0.0043367171875 0.0217103390625 0.0307854703125
3 0.34609375 0.18359375 0.11953125 0.1015625
3 0.4359375 0.20625 0.0609375 0.0375
3 0.44140625 0.1515625 0.046875 0.075
3 0.6015625 0.221875 0.09140625 0.271875
3 0.6921875 0.22421875 0.08515625 0.28828125
3 0.6484375 0.425 0.15859375 0.1234375
3 0.84375 0.38984375 0.159375 0.128125
3 0.965625 0.25859375 0.03359375 0.0640625
3 0.9671875 0.3921875 0.05234375 0.11796875
3 0.8046875 0.2703125 0.053125 0.06796875
3 0.7875 0.12109375 0.0671875 0.0890625
3 0.8625 0.1390625 0.1125 0.14140625
3 0.85546875 0.01640625 0.0640625 0.0328125
3 0.684375 0.0421875 0.08359375 0.075
3 0.60078125 0.021875 0.06796875 0.03984375
3 0.49921875 0.021875 0.08125 0.0390625
3 0.49296875 0.0828125 0.08203125 0.0703125
3 0.50078125 0.17578125 0.06328125 0.1015625
3 0.25161534375 0.29149375312500003 0.2372667984375 0.342037975 0.33714734687500003 0.3974937265625 0.35202249218750004 0.34728320625000003 0.25161534375 0.29149375312500003
3 0.2329910375 0.363176059375 0.22431863437500002 0.4180587 0.34759305 0.4824938078125 0.355402296875 0.42977417031250004 0.2329910375 0.363176059375
3 0.4171875 0.26015625 0.02109375 0.0328125
3 0.4234375 0.328125 0.059375 0.103125
3 0.5015625 0.32578125 0.05390625 0.1078125
3 0.5046875 0.428125 0.07421875 0.09765625
3 0.428125 0.41953125 0.0640625 0.09453125
3 0.44140625 0.51875 0.0171875 0.02578125
3 0.39375 0.4859375 0.0203125 0.0421875
3 0.83671875 0.6453125 0.05234375 0.0828125
3 0.84140625 0.71640625 0.03828125 0.0484375
3 0.946875 0.71875 0.0328125 0.05234375
3 0.96171875 0.75078125 0.0515625 0.05078125
3 0.86953125 0.7765625 0.06953125 0.06484375
3 0.903125 0.9015625 0.06796875 0.0765625
3 0.91171875 0.8140625 0.0328125 0.10703125
3 0.91484375 0.98203125 0.0578125 0.0359375
3 0.26328125 0.71171875 0.025 0.04609375
3 0.28984375 0.034375 0.103125 0.06796875
3 0.015625 0.06015625 0.03046875 0.08046875
3 0.86953125 0.26015625 0.08125 0.096875
3 0.80703125 0.2109375 0.02265625 0.028125