3 0.24453125 0.4453125 0.0828125 0.1140625
3 0.37578125 0.440625 0.0578125 0.08125
3 0.2390625 0.359375 0.03828125 0.04609375
3 0.590625 0.5609375 0.1015625 0.1640625
3 0.68984375 0.62578125 0.11484375 0.16796875
3 0.77578125 0.5109375 0.1203125 0.13203125
3 0.6875 0.42890625 0.1640625 0.1859375
3 0.48671875 0.26328125 0.11484375 0.12578125
3 0.4578125 0.3203125 0.071875 0.06640625
3 0.4265625 0.378125 0.07109375 0.10703125
3 0.3203125 0.6 0.1203125 0.11484375
3 0.34866043125 0.7830788281250001 0.42531884062499997 0.655821021875 0.38241681562499996 0.5746900671875 0.2778542828125 0.7358964578125 0.34866043125 0.7830788281250001
3 0.422230853125 0.5509421 0.39888335 0.6087661171875001 0.45980954062499996 0.6716760125000001 0.49768255625 0.603523659375 0.422230853125 0.5509421
3 0.49609375 0.6828125 0.0828125 0.11640625