3 0.2328125 0.4234375 0.2 0.153125
3 0.51062309375 0.5001663796875 0.5414999765624999 0.420333334375 0.35864828125 0.36953606250000004 0.30865658281249997 0.44551493593749997 0.51062309375 0.5001663796875
3 0.43563554531250004 0.43351825312500003 0.266663584375 0.45751156875000004 0.06769660625 0.678783378125 0.09869144375 0.753429259375 0.23149997656250001 0.7986666687499999 0.266663584375 0.733434821875 0.623604365625 0.8480695796875001 0.6835944046875 0.5481530609374999 0.43563554531250004 0.43351825312500003
3 0.6585985562500001 0.40819199531250006 0.6855940421875 0.30821980625 0.4656305640625 0.284226440625 0.45463240625 0.31088569062500004 0.42774997656249997 0.3020000015625 0.390643015625 0.337544940625 0.3976418234375 0.3708690046875 0.6585985562500001 0.40819199531250006
3 0.4646307453125 0.286892375 0.6825945109375 0.3055538703125 0.6977499765624999 0.265333334375 0.6066071421875 0.22557609374999998 0.49462576562500005 0.236239809375 0.4646307453125 0.286892375
3 0.97109375 0.1078125 0.05703125 0.09453125
3 0.9515625 0.31484375 0.09453125 0.1125
3 0.85 0.12265625 0.12265625 0.06484375
3 0.775 0.07578125 0.03359375 0.04375
3 0.8703125 0.15703125 0.065625 0.06015625
3 0.94609375 0.2078125 0.10703125 0.1109375
3 0.86484375 0.225 0.04609375 0.04609375