3 0.34375 0.60703125 0.115625 0.11328125
3 0.25703125 0.67265625 0.14609375 0.1296875
3 0.140625 0.36171875 0.05078125 0.0640625
3 0.028125 0.38359375 0.05625 0.0640625
3 0.06171875 0.4234375 0.05078125 0.04296875
3 0.23046875 0.496875 0.0921875 0.090625
3 0.32109375 0.346875 0.05078125 0.05078125
3 0.27734375 0.35234375 0.0375 0.04296875
3 0.6234375 0.328125 0.0390625 0.04921875
3 0.5546875 0.3984375 0.0359375 0.05390625
3 0.671875 0.35546875 0.02890625 0.0265625
3 0.62421875 0.4484375 0.059375 0.0640625
3 0.58984375 0.43203125 0.02890625 0.0453125
3 0.4921875 0.45 0.0484375 0.05078125
3 0.4984375 0.4984375 0.0703125 0.053125
3 0.4421875 0.428125 0.04140625 0.040625
3 0.37421875 0.3890625 0.0296875 0.0390625
3 0.45546875 0.36015625 0.040625 0.028125
3 0.040625 0.25625 0.03046875 0.02890625
3 0.06171875 0.27734375 0.02734375 0.021875
3 0.11875 0.23984375 0.021875 0.0296875
3 0.065625 0.24375 0.0234375 0.0265625
3 0.19453125 0.16328125 0.02421875 0.02578125
3 0.1359375 0.18203125 0.025 0.0296875
3 0.26484375 0.12578125 0.034375 0.0234375
3 0.49296875 0.16015625 0.01796875 0.02421875
3 0.4328125 0.146875 0.02265625 0.0234375
3 0.25234375 0.17890625 0.03515625 0.03125
3 0.0203125 0.19921875 0.02890625 0.02734375
3 0.25234375 0.31640625 0.02578125 0.03046875
3 0.23828125 0.303125 0.03515625 0.02734375
3 0.2703125 0.29765625 0.05 0.0328125
3 0.2828125 0.278125 0.05078125 0.0390625
3 0.26796875 0.24609375 0.01875 0.02421875
3 0.31015625 0.21328125 0.02578125 0.02890625
3 0.35625 0.203125 0.0234375 0.02890625
3 0.4171875 0.18203125 0.02890625 0.01640625
3 0.45390625 0.1875 0.01796875 0.02109375
3 0.6 0.37890625 0.03515625 0.053125
3 0.15546875 0.209375 0.0296875 0.0296875