3 0.06953125 0.06875 0.0828125 0.08125
3 0.11015625 0.3890625 0.1546875 0.12109375
3 0.02265625 0.5171875 0.0453125 0.071875
3 0.16953125 0.5671875 0.0234375 0.03359375
3 0.41875 0.6046875 0.05 0.0796875
3 0.37265625 0.60625 0.03203125 0.06015625
3 0.18828125 0.703125 0.05078125 0.09296875
3 0.36484375 0.89609375 0.03359375 0.08515625
3 0.35078125 0.78203125 0.04140625 0.0890625
3 0.26875 0.96796875 0.04765625 0.0640625
3 0.1765625 0.95703125 0.04765625 0.06015625
3 0.18125 0.83203125 0.0671875 0.10625
3 0.12734375 0.86015625 0.05859375 0.11796875
3 0.07265625 0.88046875 0.05 0.1203125
3 0.02734375 0.9109375 0.0515625 0.13671875
3 0.24609375 0.69140625 0.0546875 0.1140625
3 0.32734375 0.65546875 0.04765625 0.1140625
3 0.3 0.7078125 0.07265625 0.05390625
3 0.3078125 0.40625 0.12578125 0.1546875
3 0.3234375 0.16953125 0.09375 0.3390625
3 0.5890625 0.62734375 0.0796875 0.23359375
3 0.6734375 0.684375 0.06328125 0.11484375
3 0.66953125 0.58125 0.04296875 0.0875
3 0.77421875 0.56953125 0.065625 0.06484375
3 0.8625 0.65 0.0640625 0.1171875
3 0.9453125 0.64921875 0.07578125 0.13515625
3 0.6671875 0.81484375 0.0390625 0.053125
3 0.578125 0.8125 0.0703125 0.0734375
3 0.67421875 0.96640625 0.0796875 0.0671875
3 0.7515625 0.97109375 0.05703125 0.0578125
3 0.815625 0.971875 0.06328125 0.05625
3 0.88125 0.97109375 0.06796875 0.0578125
3 0.9453125 0.971875 0.06640625 0.05390625
3 0.90390625 0.40703125 0.19140625 0.12578125
3 0.70859375 0.403125 0.1875 0.12890625
3 0.85859375 0.2796875 0.05 0.1125
3 0.940625 0.2765625 0.11875 0.11484375
3 0.71015625 0.27421875 0.18515625 0.11015625
3 0.5703125 0.334375 0.078125 0.22734375
3 0.96328125 0.13125 0.046875 0.09453125
3 0.909375 0.1203125 0.0421875 0.10546875
3 0.85859375 0.11875 0.05390625 0.1171875
3 0.80546875 0.115625 0.05 0.12109375
3 0.74453125 0.1203125 0.0640625 0.096875
3 0.6421875 0.1203125 0.05703125 0.09921875
3 0.57421875 0.11640625 0.065625 0.10546875
3 0.653125 0.03125 0.0625 0.06171875
3 0.58046875 0.0296875 0.065625 0.059375
3 0.75390625 0.034375 0.07578125 0.065625
3 0.9640625 0.0703125 0.05390625 0.053125
3 0.81953125 0.3171875 0.009375 0.0265625
3 0.52421875 0.0171875 0.015625 0.03125
3 0.6982216593749999 0.611910003125 0.7086982484375 0.6343629078124999 0.695228340625 0.6770234187499999 0.7710918375 0.7568733875 0.8179539734375 0.6714101921875 0.7887692109375 0.6040514781249999 0.715433203125 0.5703721203125001 0.6982216593749999 0.611910003125