3 0.0375 0.48828125 0.06328125 0.05859375
3 0.96875 0.49375 0.0515625 0.07265625
3 0.91171875 0.39375 0.0484375 0.05234375
3 0.88828125 0.37109375 0.0296875 0.0390625
3 0.71171875 0.65625 0.0828125 0.0984375
3 0.6640625 0.54765625 0.1265625 0.11484375
3 0.42734375 0.39375 0.11796875 0.07109375
3 0.4890625 0.4671875 0.13125 0.109375
3 0.39375 0.34296875 0.0671875 0.0421875
3 0.4375 0.315625 0.11953125 0.0546875
3 0.46484375 0.27578125 0.08828125 0.04296875
3 0.47890625 0.2453125 0.08125 0.03984375
3 0.628125 0.22890625 0.0375 0.03359375
3 0.72890625 0.42265625 0.053125 0.0671875
3 0.703125 0.3640625 0.0734375 0.053125
3 0.75703125 0.34453125 0.0359375 0.04296875
3 0.70390625 0.31640625 0.0671875 0.0484375
3 0.69453125 0.27265625 0.0375 0.04375
3 0.59453125 0.20078125 0.03203125 0.03046875
3 0.47578125 0.221875 0.03359375 0.03671875
3 0.60703125 0.13515625 0.01640625 0.01875
3 0.6328125 0.1390625 0.01875 0.0203125
3 0.4046875 0.071875 0.0109375 0.01328125
3 0.378125 0.07265625 0.0203125 0.01484375
3 0.3578125 0.07421875 0.0125 0.015625