3 0.36640625 0.74765625 0.09140625 0.1921875
3 0.43515625 0.72421875 0.0453125 0.13046875
3 0.55625 0.75390625 0.13359375 0.20546875
3 0.4421875 0.615625 0.0703125 0.084375
3 0.484375 0.42578125 0.08046875 0.15625
3 0.40234375 0.35546875 0.07265625 0.10859375
3 0.2484375 0.7125 0.13359375 0.23828125
3 0.0890625 0.68984375 0.13828125 0.22578125
3 0.02734375 0.6125 0.046875 0.16640625
3 0.9546875 0.86640625 0.053125 0.06953125
3 0.96328125 0.64921875 0.0734375 0.1203125
3 0.96015625 0.75703125 0.0796875 0.15234375
3 0.91796875 0.4859375 0.096875 0.17109375
3 0.975 0.346875 0.05 0.115625
3 0.62109375 0.26015625 0.0359375 0.05546875
3 0.32109375 0.54609375 0.04921875 0.053125
3 0.14453125 0.7921875 0.0328125 0.0453125