3 0.04453125 0.3890625 0.08828125 0.1421875
3 0.24921875 0.19765625 0.06796875 0.14921875
3 0.18828125 0.20234375 0.08984375 0.15078125
3 0.1078125 0.178125 0.09296875 0.10546875
3 0.10390625 0.08046875 0.06796875 0.11640625
3 0.05078125 0.2484375 0.05625 0.153125
3 0.12421875 0.3671875 0.08984375 0.1921875
3 0.24921875 0.2078125 0.0859375 0.13984375
3 0.3453125 0.4078125 0.053125 0.18828125
3 0.4 0.3625 0.1203125 0.240625
3 0.62578125 0.24375 0.1328125 0.1703125
3 0.7109375 0.440625 0.1140625 0.17265625
3 0.846875 0.3546875 0.13984375 0.15078125
3 0.86328125 0.55546875 0.15390625 0.13671875
3 0.9015625 0.6796875 0.11171875 0.1421875
3 0.8953125 0.84609375 0.08125 0.16328125
3 0.78359375 0.940625 0.0484375 0.0734375
3 0.66875 0.88046875 0.0875 0.13125
3 0.57265625 0.8171875 0.11953125 0.1078125
3 0.640625 0.6578125 0.084375 0.15234375
3 0.73515625 0.73046875 0.10859375 0.1234375
3 0.796875 0.78359375 0.0609375 0.0953125
3 0.74609375 0.86875 0.07265625 0.17109375
3 0.7296875 0.6515625 0.08671875 0.07734375
3 0.74765625 0.578125 0.0484375 0.05234375
3 0.596875 0.58984375 0.08125 0.0734375
3 0.53125 0.5796875 0.0765625 0.0859375
3 0.471875 0.58984375 0.0875 0.08984375
3 0.49375 0.6671875 0.0765625 0.0984375
3 0.584375 0.6671875 0.06796875 0.10625
3 0.6375 0.58984375 0.08671875 0.0625
3 0.49296875 0.27890625 0.065625 0.19765625
3 0.55234375 0.2453125 0.06171875 0.0703125
3 0.54921875 0.31171875 0.0359375 0.07578125
3 0.7640625 0.24140625 0.05625 0.06796875
3 0.31484375 0.5890625 0.08984375 0.1296875