3 0.07734375 0.91796875 0.071875 0.05546875
3 0.1625 0.93203125 0.0328125 0.0328125
3 0.23359375 0.93828125 0.1125 0.0859375
3 0.28046875 0.86953125 0.11796875 0.0875
3 0.72578125 0.84375 0.0359375 0.05234375
3 0.65234375 0.81171875 0.06171875 0.07578125
3 0.4875 0.93828125 0.053125 0.0671875
3 0.490625 0.82265625 0.065625 0.075
3 0.33359375 0.6984375 0.0671875 0.0421875
3 0.375 0.7078125 0.0578125 0.04140625
3 0.3578125 0.6625 0.090625 0.0515625
3 0.3609375 0.61484375 0.0796875 0.03671875
3 0.36484375 0.584375 0.0578125 0.0296875
3 0.3203125 0.58125 0.0265625 0.0265625
3 0.3578125 0.55546875 0.0515625 0.03359375
3 0.2484375 0.58125 0.04921875 0.03046875
3 0.2515625 0.46953125 0.0328125 0.02890625
3 0.2796875 0.47734375 0.04296875 0.02265625
3 0.3109375 0.46953125 0.0203125 0.0171875
3 0.3859375 0.4609375 0.03359375 0.02578125
3 0.40703125 0.48359375 0.0390625 0.02421875
3 0.4625 0.471875 0.05390625 0.04375
3 0.41640625 0.50390625 0.02421875 0.02421875
3 0.4734375 0.5921875 0.06875 0.06640625
3 0.4359375 0.534375 0.0390625 0.0484375
3 0.5078125 0.5203125 0.046875 0.03359375
3 0.24921875 0.43046875 0.034375 0.03203125
3 0.21640625 0.42734375 0.03046875 0.028125
3 0.1734375 0.42890625 0.03359375 0.03359375
3 0.50390625 0.69453125 0.07265625 0.05625
3 0.5203125 0.7703125 0.11484375 0.0828125
3 0.5203125 0.60859375 0.02421875 0.02734375
3 0.6578125 0.64140625 0.02734375 0.03359375