3 0.33515625 0.96015625 0.2203125 0.0796875
3 0.334375 0.8859375 0.25625 0.075
3 0.3484375 0.83359375 0.23203125 0.05
3 0.38203125 0.78828125 0.14296875 0.05078125
3 0.3671875 0.73984375 0.215625 0.05625
3 0.353125 0.6796875 0.25390625 0.07265625
3 0.36328125 0.61953125 0.184375 0.0546875
3 0.35625 0.57578125 0.21875 0.0515625
3 0.421875 0.53125 0.11953125 0.0578125
3 0.384375 0.4671875 0.17578125 0.05703125
3 0.40234375 0.42109375 0.14453125 0.04609375
3 0.4265625 0.3765625 0.1390625 0.0578125
3 0.35703125 0.3015625 0.2640625 0.10625
3 0.4 0.2203125 0.19453125 0.0703125
3 0.390625 0.16484375 0.20625 0.0625
3 0.3796875 0.1140625 0.209375 0.05078125
3 0.365625 0.059375 0.24921875 0.0734375
3 0.65546875 0.04765625 0.2203125 0.0953125
3 0.6046875 0.11796875 0.134375 0.06484375
3 0.62734375 0.1875 0.11015625 0.05546875
3 0.62578125 0.24296875 0.15234375 0.06015625
3 0.6484375 0.29296875 0.2015625 0.07109375
3 0.65625 0.40625 0.21875 0.05625
3 0.6640625 0.3609375 0.28359375 0.0578125
3 0.6046875 0.47578125 0.1765625 0.05703125
3 0.625 0.60703125 0.16171875 0.059375
3 0.6265625 0.6484375 0.15859375 0.0640625
3 0.675 0.69375 0.27421875 0.0609375
3 0.578125 0.73671875 0.14375 0.05234375
3 0.65 0.78203125 0.215625 0.059375
3 0.65859375 0.84296875 0.3328125 0.06640625
3 0.59375 0.87734375 0.14921875 0.04296875
3 0.590625 0.925 0.15859375 0.06640625
3 0.59453125 0.98203125 0.1953125 0.0359375