3 0.24609375 0.646875 0.18046875 0.08984375
3 0.15859375 0.18203125 0.16953125 0.109375
3 0.165625 0.07890625 0.16953125 0.10390625
3 0.06328125 0.10234375 0.06953125 0.1078125
3 0.55703125 0.57890625 0.084375 0.08984375
3 0.5234375 0.325 0.13046875 0.08046875
3 0.5078125 0.20625 0.11796875 0.1359375
3 0.70703125 0.31953125 0.12109375 0.14140625
3 0.62265625 0.2765625 0.07265625 0.159375
3 0.6921875 0.11640625 0.11796875 0.12578125
3 0.86875 0.134375 0.11953125 0.15390625
3 0.9171875 0.43046875 0.10859375 0.1359375
3 0.8296875 0.3578125 0.10625 0.1703125
3 0.696875 0.61328125 0.10078125 0.121875
3 0.80390625 0.7140625 0.1828125 0.12734375
3 0.8 0.81796875 0.1234375 0.109375
3 0.63359375 0.9125 0.0953125 0.12578125
3 0.603125 0.79140625 0.153125 0.0984375
3 0.571875 0.675 0.10859375 0.134375
3 0.29765625 0.8328125 0.15703125 0.13046875
3 0.11953125 0.80234375 0.09921875 0.10234375
3 0.140625 0.85 0.0953125 0.07734375
3 0.13671875 0.68828125 0.0671875 0.075
3 0.11953125 0.56640625 0.07265625 0.06796875
3 0.23046875 0.378125 0.1328125 0.075
3 0.25234375 0.54375 0.17578125 0.11328125
3 0.24921875 0.45078125 0.15703125 0.109375
3 0.2671875 0.63828125 0.184375 0.12578125
3 0.30078125 0.74375 0.184375 0.10390625
3 0.33125 0.94453125 0.1734375 0.1109375
3 0.15234375 0.96015625 0.0484375 0.0796875
3 0.81640625 0.94140625 0.13828125 0.11328125
3 0.9515625 0.49921875 0.096875 0.16640625
3 0.48671875 0.0609375 0.14765625 0.121875
3 0.18046875 0.29375 0.19765625 0.09140625