3 0.66171875 0.9484375 0.16015625 0.10234375
3 0.703125 0.8140625 0.12734375 0.17109375
3 0.71875 0.67265625 0.11328125 0.13984375
3 0.74140625 0.57109375 0.09765625 0.09921875
3 0.77734375 0.4921875 0.09296875 0.0859375
3 0.84453125 0.45078125 0.07421875 0.08515625
3 0.93828125 0.4515625 0.0734375 0.0796875
3 0.6546875 0.3484375 0.07109375 0.06484375
3 0.73671875 0.33359375 0.0609375 0.06328125
3 0.79140625 0.3046875 0.0484375 0.0578125
3 0.8234375 0.29453125 0.05078125 0.06484375
3 0.9359375 0.26015625 0.06015625 0.065625
3 0.55859375 0.315625 0.0625 0.065625
3 0.28984375 0.41953125 0.03046875 0.053125
3 0.3421875 0.40390625 0.07421875 0.0828125
3 0.1859375 0.43359375 0.1078125 0.09375
3 0.20234375 0.31640625 0.059375 0.05703125
3 0.371875 0.34296875 0.08359375 0.06953125
3 0.40625 0.29609375 0.03671875 0.06328125
3 0.44453125 0.25859375 0.04296875 0.05859375
3 0.6125 0.2546875 0.05390625 0.04765625
3 0.55078125 0.271875 0.0640625 0.0375
3 0.68125 0.26328125 0.03359375 0.0453125
3 0.63671875 0.17421875 0.021875 0.04453125
3 0.65 0.1625 0.03203125 0.040625
3 0.72890625 0.17578125 0.03046875 0.03671875
3 0.74765625 0.1640625 0.0375 0.02578125
3 0.096875 0.21875 0.02734375 0.0625
3 0.2265625 0.24609375 0.046875 0.04765625
3 0.2625 0.303125 0.0359375 0.0515625
3 0.30390625 0.2640625 0.06953125 0.0375
3 0.3921875 0.20625 0.02421875 0.034375
3 0.52734375 0.178125 0.03359375 0.04375
3 0.57265625 0.21875 0.03203125 0.05078125
3 0.6734375 0.14609375 0.03125 0.03984375
3 0.31875 0.15625 0.0265625 0.0359375
3 0.47265625 0.1640625 0.028125 0.03984375
3 0.54921875 0.0984375 0.02578125 0.0375
3 0.9234375 0.15625 0.02109375 0.0421875
3 0.94765625 0.1234375 0.025 0.034375
3 0.86171875 0.26796875 0.03203125 0.05