3 0.359375 0.90859375 0.1375 0.18203125
3 0.3390625 0.453125 0.10546875 0.1671875
3 0.41953125 0.44296875 0.08359375 0.1140625
3 0.2359375 0.30078125 0.0828125 0.12890625
3 0.31640625 0.2296875 0.10078125 0.10546875
3 0.29296875 0.0546875 0.09921875 0.10390625
3 0.73125 0.6 0.14140625 0.17890625
3 0.571875 0.8171875 0.15703125 0.21328125
3 0.9328125 0.71953125 0.13359375 0.18046875
3 0.97578125 0.50546875 0.04765625 0.14140625
3 0.83203125 0.24375 0.08046875 0.1171875
3 0.67734375 0.2015625 0.09609375 0.140625
3 0.45390625 0.059375 0.1578125 0.11875
3 0.52890625 0.0390625 0.08828125 0.078125
3 0.690625 0.0375 0.0875 0.075
3 0.771875 0.07265625 0.10390625 0.11328125
3 0.80703125 0.03359375 0.0828125 0.06640625
3 0.85078125 0.17265625 0.08125 0.084375
3 0.89921875 0.1296875 0.0859375 0.08671875
3 0.95390625 0.27890625 0.0921875 0.18046875
3 0.82890625 0.5015625 0.07109375 0.11796875