3 0.390625 0.740625 0.17421875 0.21640625
3 0.10078125 0.26953125 0.0703125 0.078125
3 0.13125 0.1828125 0.06015625 0.04765625
3 0.23515625 0.1 0.078125 0.07109375
3 0.2265625 0.028125 0.0359375 0.03984375
3 0.315625 0.26796875 0.1171875 0.15078125
3 0.37578125 0.3625 0.065625 0.0828125
3 0.45625 0.45390625 0.0671875 0.1078125
3 0.58046875 0.55546875 0.0515625 0.08515625
3 0.5484375 0.68203125 0.05 0.0734375
3 0.76953125 0.2328125 0.0609375 0.0796875
3 0.49140625 0.1625 0.0515625 0.06015625
3 0.54140625 0.2046875 0.10234375 0.0734375
3 0.625 0.028125 0.075 0.05625
3 0.93203125 0.02578125 0.06640625 0.0515625
3 0.9796875 0.3640625 0.040625 0.09921875
3 0.8828125 0.33046875 0.15859375 0.14296875
3 0.65390625 0.88828125 0.19609375 0.21171875