3 0.909375 0.9515625 0.065625 0.096875
3 0.85859375 0.77265625 0.046875 0.0828125
3 0.93984375 0.69765625 0.059375 0.075
3 0.965625 0.578125 0.05546875 0.06875
3 0.9796875 0.621875 0.03828125 0.07265625
3 0.41640625 0.73984375 0.06875 0.0875
3 0.32734375 0.66875 0.059375 0.07890625
3 0.2859375 0.74921875 0.07578125 0.0875
3 0.209375 0.77109375 0.07890625 0.10078125
3 0.18671875 0.89765625 0.06328125 0.1140625
3 0.04765625 0.8515625 0.07734375 0.10390625
3 0.0296875 0.609375 0.059375 0.08125
3 0.02265625 0.546875 0.0453125 0.071875
3 0.0140625 0.49453125 0.02734375 0.04375
3 0.225 0.53046875 0.065625 0.06953125
3 0.1296875 0.4953125 0.05 0.06953125
3 0.078125 0.43671875 0.0671875 0.05390625
3 0.29296875 0.49609375 0.06796875 0.0734375
3 0.41640625 0.6328125 0.0671875 0.078125
3 0.51484375 0.6671875 0.08984375 0.075
3 0.49453125 0.584375 0.05 0.08984375
3 0.328125 0.38984375 0.0640625 0.0609375
3 0.28671875 0.415625 0.05078125 0.05
3 0.2453125 0.4390625 0.04375 0.05234375
3 0.18671875 0.45625 0.06796875 0.06796875
3 0.1203125 0.37578125 0.0453125 0.03515625
3 0.14296875 0.4078125 0.0453125 0.04453125
3 0.06328125 0.3390625 0.04375 0.03828125
3 0.1078125 0.32421875 0.03359375 0.03046875
3 0.08203125 0.28515625 0.04375 0.04140625
3 0.1765625 0.353125 0.03359375 0.03046875
3 0.19375 0.38515625 0.04140625 0.03359375
3 0.57578125 0.56875 0.05390625 0.05
3 0.63125 0.528125 0.05234375 0.05
3 0.659375 0.48515625 0.06328125 0.0546875
3 0.840625 0.38359375 0.05234375 0.05859375
3 0.65234375 0.4015625 0.03984375 0.0484375
3 0.5203125 0.51640625 0.04453125 0.06328125
3 0.44765625 0.4 0.046875 0.05390625
3 0.4859375 0.38125 0.03828125 0.04453125
3 0.51953125 0.36484375 0.03984375 0.03515625
3 0.5796875 0.33046875 0.04453125 0.05078125
3 0.6640625 0.35078125 0.0484375 0.05
3 0.63046875 0.31875 0.0359375 0.04296875
3 0.79453125 0.39453125 0.02578125 0.040625
3 0.74921875 0.3171875 0.0421875 0.04609375
3 0.734375 0.2875 0.12421875 0.059375
3 0.909375 0.22421875 0.09375 0.04765625
3 0.70625 0.140625 0.06015625 0.0296875
3 0.85859375 0.13671875 0.08515625 0.040625
3 0.79375 0.15234375 0.090625 0.0484375
3 0.70234375 0.23515625 0.04921875 0.0375
3 0.44765625 0.3390625 0.03828125 0.05078125
3 0.4140625 0.359375 0.04921875 0.0453125
3 0.3828125 0.3703125 0.0375 0.0328125
3 0.34375 0.3171875 0.03828125 0.03984375
3 0.31171875 0.32265625 0.03046875 0.0421875
3 0.26875 0.3453125 0.03671875 0.046875
3 0.25390625 0.3234375 0.0328125 0.04453125
3 0.21796875 0.33125 0.0328125 0.0390625
3 0.2328125 0.36015625 0.03984375 0.03984375
3 0.01640625 0.35625 0.0328125 0.04140625
3 0.23359375 0.22890625 0.0375 0.04609375
3 0.1515625 0.2515625 0.0375 0.04609375
3 0.4640625 0.2234375 0.03984375 0.04140625
3 0.5640625 0.27421875 0.03359375 0.04375
3 0.51171875 0.3140625 0.0359375 0.03671875
3 0.48359375 0.33125 0.03125 0.04140625
3 0.36328125 0.2046875 0.03359375 0.03828125
3 0.484375 0.16796875 0.13203125 0.04140625
3 0.32890625 0.28359375 0.03828125 0.03515625
3 0.23125 0.284375 0.03515625 0.0328125
3 0.37734375 0.29609375 0.0296875 0.04140625
3 0.40859375 0.28828125 0.034375 0.03671875
3 0.4328125 0.271875 0.0328125 0.034375
3 0.17421875 0.18515625 0.0265625 0.0296875
3 0.11796875 0.18828125 0.06953125 0.03828125
3 0.28671875 0.1546875 0.040625 0.03359375
3 0.296875 0.18359375 0.02734375 0.028125
3 0.55078125 0.20859375 0.05234375 0.03046875
3 0.59921875 0.215625 0.05234375 0.040625
3 0.82109375 0.29375 0.06796875 0.03125