3 0.2234375 0.7 0.1765625 0.390625
3 0.3625 0.6203125 0.04453125 0.06328125
3 0.41171875 0.73984375 0.14765625 0.2296875
3 0.40859375 0.94375 0.07578125 0.1125
3 0.36171875 0.884375 0.0421875 0.08125
3 0.64296875 0.9390625 0.12109375 0.121875
3 0.94765625 0.91640625 0.09921875 0.11796875
3 0.82265625 0.92734375 0.16796875 0.14453125
3 0.840625 0.746875 0.153125 0.18046875
3 0.6765625 0.71796875 0.15703125 0.18671875
3 0.57578125 0.6734375 0.0359375 0.08671875
3 0.71171875 0.1015625 0.13125 0.19140625
3 0.9484375 0.08671875 0.1015625 0.15703125
3 0.81640625 0.01640625 0.04765625 0.03203125
3 0.3109375 0.11171875 0.11796875 0.12578125
3 0.29921875 0.4078125 0.04296875 0.05390625
3 0.36484375 0.1796875 0.1125 0.0921875
3 0.5203125 0.08203125 0.10390625 0.13359375
3 0.46484375 0.475 0.08515625 0.20078125
3 0.47578125 0.25078125 0.1578125 0.25390625