3 0.3640625 0.98046875 0.05234375 0.0390625
3 0.28671875 0.9375 0.06171875 0.0875
3 0.20703125 0.8921875 0.05859375 0.0953125
3 0.14296875 0.9625 0.065625 0.07421875
3 0.08125 0.98125 0.04609375 0.03671875
3 0.05703125 0.8046875 0.04921875 0.07734375
3 0.2875 0.803125 0.059375 0.078125
3 0.03203125 0.53125 0.0359375 0.0421875
3 0.06875 0.53125 0.034375 0.0390625
3 0.10234375 0.52421875 0.03828125 0.03359375
3 0.1796875 0.4984375 0.03515625 0.0328125
3 0.1390625 0.52890625 0.03671875 0.040625
3 0.13046875 0.56953125 0.04140625 0.04609375
3 0.09453125 0.57421875 0.040625 0.04453125
3 0.05859375 0.57265625 0.0359375 0.040625
3 0.02421875 0.58359375 0.03515625 0.0421875
3 0.353125 0.57578125 0.02734375 0.05546875
3 0.38359375 0.5671875 0.034375 0.0625
3 0.415625 0.56171875 0.0375 0.04921875
3 0.446875 0.55234375 0.034375 0.0453125
3 0.5046875 0.51875 0.0359375 0.03359375
3 0.4671875 0.48515625 0.0328125 0.04375
3 0.253125 0.5234375 0.18671875 0.05
3 0.29453125 0.47421875 0.09296875 0.05078125
3 0.53515625 0.40078125 0.034375 0.0375
3 0.56796875 0.40234375 0.034375 0.046875
3 0.6 0.40390625 0.03125 0.03828125
3 0.67890625 0.434375 0.03828125 0.03125
3 0.6734375 0.46171875 0.05546875 0.03828125
3 0.63828125 0.42734375 0.03828125 0.0375
3 0.6546875 0.51953125 0.07109375 0.05546875
3 0.534375 0.6609375 0.0421875 0.059375
3 0.54375 0.86953125 0.03671875 0.0515625
3 0.5484375 0.42578125 0.03828125 0.0296875
3 0.56328125 0.4546875 0.03828125 0.0359375
3 0.56640625 0.50546875 0.0375 0.05390625
3 0.50546875 0.45546875 0.03828125 0.0328125
3 0.51015625 0.48359375 0.0453125 0.0328125
3 0.30625 0.584375 0.04296875 0.05703125
3 0.2390625 0.575 0.03828125 0.06328125
3 0.27265625 0.57265625 0.0375 0.065625
3 0.2046875 0.578125 0.03515625 0.0515625
3 0.16953125 0.5765625 0.040625 0.0515625
3 0.5046875 0.5859375 0.03515625 0.05
3 0.55078125 0.590625 0.05234375 0.07734375
3 0.45703125 0.5984375 0.05390625 0.04296875
3 0.49453125 0.63203125 0.05234375 0.0421875
3 0.50859375 0.71328125 0.053125 0.046875
3 0.4171875 0.81328125 0.0578125 0.07109375
3 0.3796875 0.85703125 0.053125 0.07734375
3 0.3328125 0.8921875 0.05625 0.08671875
3 0.47421875 0.75703125 0.06015625 0.06171875
3 0.48671875 0.66875 0.05234375 0.046875
3 0.66015625 0.571875 0.07265625 0.04375
3 0.640625 0.60625 0.09375 0.06484375
3 0.62890625 0.74921875 0.10859375 0.09375
3 0.60078125 0.81953125 0.11796875 0.11171875
3 0.6015625 0.9296875 0.11796875 0.12265625
3 0.50078125 0.86015625 0.0578125 0.09140625
3 0.4171875 0.959375 0.059375 0.08125
3 0.459375 0.9390625 0.0546875 0.0765625
3 0.35390625 0.73359375 0.05390625 0.0640625
3 0.3171875 0.7703125 0.05859375 0.065625
3 0.38828125 0.6984375 0.06015625 0.07578125
3 0.4171875 0.6703125 0.053125 0.05859375
3 0.44453125 0.64140625 0.04921875 0.05703125
3 0.4046875 0.4734375 0.0875 0.05078125
3 0.669502815625 0.7219254 0.687593321875 0.68090859375 0.6004300046875 0.6215807484375 0.57630934375 0.6611326640625 0.669502815625 0.7219254
3 0.1289774265625 0.916817971875 0.11054718125 0.8591906546875 0.03868830625 0.9157548234374999 0.05595670781249999 0.9700862296875 0.1289774265625 0.916817971875
3 0.0314782828125 0.8600519390624999 0.04314464375 0.9135220609375001 0.11556055624999999 0.8614235015625 0.0932787375 0.808580603125 0.0314782828125 0.8600519390624999
3 0.253125 0.85078125 0.0609375 0.07890625