3 0.21640625 0.496875 0.078125 0.07109375
3 0.46953125 0.58671875 0.1234375 0.12421875
3 0.5625 0.6375 0.10859375 0.165625
3 0.66015625 0.69453125 0.1203125 0.14921875
3 0.91171875 0.76875 0.1609375 0.18125
3 0.06796875 0.43046875 0.06640625 0.08203125
3 0.1421875 0.44921875 0.1 0.10703125
3 0.315625 0.43203125 0.0828125 0.06328125
3 0.36484375 0.265625 0.08203125 0.05859375
3 0.7109375 0.2609375 0.084375 0.05625
3 0.93828125 0.55546875 0.1234375 0.10390625
3 0.79375 0.4125 0.0875 0.09140625
3 0.89453125 0.42890625 0.078125 0.08984375
3 0.94296875 0.48515625 0.1140625 0.0859375
3 0.803125 0.278125 0.07578125 0.05625
3 0.44296875 0.50625 0.0859375 0.06796875