3 0.2359375 0.9 0.1390625 0.128125
3 0.29140625 0.821875 0.153125 0.10703125
3 0.37265625 0.76875 0.121875 0.12734375
3 0.04375 0.69375 0.0875 0.103125
3 0.05078125 0.63359375 0.09375 0.0921875
3 0.1 0.609375 0.1359375 0.10234375
3 0.2625 0.5890625 0.1609375 0.13125
3 0.37734375 0.646875 0.11328125 0.11328125
3 0.80234375 0.68671875 0.14375 0.2171875
3 0.71171875 0.590625 0.134375 0.20703125
3 0.4 0.36328125 0.0890625 0.07734375
3 0.05546875 0.496875 0.07109375 0.075
3 0.1046875 0.47265625 0.07265625 0.0703125