3 0.20703125 0.91171875 0.16640625 0.1359375
3 0.51015625 0.690625 0.08203125 0.10703125
3 0.58203125 0.77734375 0.125 0.1171875
3 0.67265625 0.7421875 0.08203125 0.09375
3 0.71484375 0.6703125 0.078125 0.121875
3 0.58671875 0.6296875 0.07890625 0.09765625
3 0.62109375 0.55703125 0.109375 0.0828125
3 0.8140625 0.74609375 0.09609375 0.1171875
3 0.8859375 0.8125 0.1078125 0.125
3 0.94921875 0.87578125 0.10078125 0.18046875
3 0.4421875 0.525 0.10546875 0.10390625
3 0.440625 0.43359375 0.07109375 0.0890625
3 0.34921875 0.38125 0.1125 0.08515625