3 0.48671875 0.7609375 0.1546875 0.1140625
3 0.68984375 0.73046875 0.13125 0.12890625
3 0.09453125 0.76953125 0.1890625 0.1578125
3 0.48125 0.66796875 0.1046875 0.1
3 0.7140625 0.55390625 0.1015625 0.09375
3 0.496875 0.578125 0.103125 0.07109375
3 0.5125 0.5453125 0.11015625 0.05859375
3 0.52109375 0.475 0.1125 0.06640625
3 0.53046875 0.42890625 0.06796875 0.06015625
3 0.71015625 0.48125 0.1328125 0.0421875
3 0.7078125 0.44375 0.09921875 0.065625
3 0.93515625 0.57734375 0.1296875 0.05703125
3 0.96015625 0.6515625 0.0796875 0.096875
3 0.91328125 0.51953125 0.12734375 0.07421875
3 0.89140625 0.46015625 0.096875 0.0625
3 0.85234375 0.428125 0.096875 0.04921875
3 0.3703125 0.42734375 0.10859375 0.07265625
3 0.25859375 0.40859375 0.08984375 0.05234375
3 0.153125 0.41953125 0.04921875 0.065625