3 0.13125 0.44296875 0.2609375 0.2671875
3 0.21171875 0.92734375 0.18125 0.11484375
3 0.4765625 0.771875 0.17421875 0.19140625
3 0.703125 0.728125 0.3046875 0.315625
3 0.9515625 0.63046875 0.096875 0.25546875
3 0.60234375 0.5609375 0.21953125 0.14453125
3 0.71484375 0.496875 0.28125 0.196875
3 0.57578125 0.37734375 0.146875 0.1296875
3 0.37734375 0.4515625 0.19453125 0.12890625
3 0.1953125 0.29375 0.10859375 0.103125
3 0.11015625 0.26796875 0.12890625 0.1140625
3 0.48671875 0.25625 0.16328125 0.1375
3 0.32265625 0.278125 0.153125 0.134375
3 0.77265625 0.32734375 0.196875 0.21171875
3 0.609375 0.26875 0.11171875 0.12265625