3 0.11953125 0.4921875 0.13203125 0.08515625
3 0.17734375 0.54765625 0.1625 0.16796875
3 0.24140625 0.41328125 0.12578125 0.1234375
3 0.3203125 0.4859375 0.09296875 0.10390625
3 0.35625 0.4171875 0.1296875 0.10703125
3 0.4375 0.5125 0.12578125 0.10859375
3 0.503125 0.4234375 0.11796875 0.115625
3 0.690625 0.55625 0.1109375 0.10703125
3 0.6578125 0.4421875 0.1390625 0.09765625
3 0.43671875 0.6234375 0.13125 0.12890625
3 0.525 0.66015625 0.16171875 0.15859375
3 0.32265625 0.6453125 0.11328125 0.121875