3 0.60625 0.74296875 0.09765625 0.1
3 0.7140625 0.684375 0.04140625 0.07890625
3 0.2625 0.2921875 0.0921875 0.05703125
3 0.46015625 0.24296875 0.09921875 0.06796875
3 0.328125 0.27578125 0.06328125 0.05234375
3 0.56875 0.41796875 0.1390625 0.13125
3 0.9546875 0.5078125 0.090625 0.0921875
3 0.8890625 0.44296875 0.0828125 0.0765625
3 0.79765625 0.36953125 0.10625 0.0796875
3 0.73046875 0.24453125 0.12890625 0.11171875
3 0.096875 0.26015625 0.0546875 0.053125
3 0.1375 0.2421875 0.0421875 0.05390625
3 0.1921875 0.234375 0.0609375 0.059375
3 0.8984375 0.31796875 0.125 0.090625
3 0.86328125 0.21953125 0.10625 0.1015625