3 0.63046875 0.9015625 0.1359375 0.14921875
3 0.6109375 0.7796875 0.13515625 0.0921875
3 0.43828125 0.61171875 0.12734375 0.1015625
3 0.3296875 0.6015625 0.08203125 0.09296875
3 0.27890625 0.53671875 0.0609375 0.04765625
3 0.303125 0.475 0.09453125 0.0953125
3 0.68828125 0.5 0.13125 0.1546875
3 0.81484375 0.43984375 0.15234375 0.10703125
3 0.64765625 0.39296875 0.1015625 0.0640625
3 0.7453125 0.4078125 0.08359375 0.071875
3 0.540625 0.32109375 0.11796875 0.07890625
3 0.665625 0.3171875 0.11328125 0.06484375
3 0.8921875 0.33984375 0.07578125 0.06875
3 0.97265625 0.3484375 0.0546875 0.10625
3 0.953125 0.56875 0.09375 0.0703125