3 0.69771241875 1 0.75 0.91176470625 0.741830065625 0.89460784375 0.7467320265625 0.875 0.740196078125 0.8602941171875 0.6846405234375 0.7916666671875 0.669934640625 0.78676470625 0.66176470625 0.8210784312499999 0.6094771234375 0.85539215625 0.5669934640625 0.9313725484375001 0.5686274515624999 0.9705882359375 0.58823529375 1 0.69771241875 1
3 0.321895425 0.8014705875000001 0.37745097968749997 0.8602941171875 0.4166666671875 0.8063725484375001 0.44281045781249995 0.8014705875000001 0.4754901953125 0.7377450984375 0.46241830000000006 0.7181372546875 0.4607843140625 0.6911764703125 0.454248365625 0.6813725484375001 0.42483660156249997 0.651960784375 0.40196078437500005 0.6421568625 0.3545751640625 0.669117646875 0.30555555624999997 0.7549019609375 0.321895425 0.8014705875000001
3 0.27777777812500004 0.3529411765625 0.3235294125 0.348039215625 0.3807189546875 0.3186274515625 0.366013071875 0.296568628125 0.366013071875 0.2671568625 0.348039215625 0.20833333281250002 0.3333333328125 0.19607843125 0.31535947656249996 0.19607843125 0.2516339875 0.257352940625 0.2565359484375 0.294117646875 0.27777777812500004 0.3529411765625
3 0.87581699375 0.375 0.8970588234375001 0.37745097968749997 0.918300653125 0.3700980390625 0.955882353125 0.3259803921875 0.921568628125 0.26225490156250003 0.8725490203125 0.26225490156250003 0.8055555562500001 0.3259803921875 0.846405228125 0.328431371875 0.87581699375 0.375
3 1 0.3235294125 0.9640522875 0.313725490625 0.9526143796875 0.31617647031249996 0.9477124187499999 0.3455882359375 0.9673202609375 0.3529411765625 0.9901960781250001 0.3799019609375 1 0.365196078125 1 0.3235294125
3 0.0953125 0.27578125 0.07109375 0.075
3 0.12578125 0.18671875 0.06015625 0.04453125
3 0.22265625 0.09609375 0.06328125 0.06640625
3 0.48515625 0.175 0.059375 0.0625
3 0.53984375 0.19609375 0.10234375 0.06484375
3 0.76640625 0.23046875 0.0671875 0.06328125
3 0.61875 0.025 0.065625 0.04921875
3 0.92421875 0.02109375 0.0625 0.0421875
3 0.45546875 0.4546875 0.0703125 0.090625
3 0.37890625 0.3484375 0.08046875 0.10078125
3 0.54921875 0.68515625 0.04296875 0.06484375
3 0.57734375 0.559375 0.0546875 0.0734375