3 0.9671875 0.8265625 0.065625 0.134375
3 0.9421875 0.7328125 0.0875 0.0890625
3 0.8875 0.6390625 0.07421875 0.071875
3 0.909375 0.67421875 0.065625 0.0640625
3 0.135620915625 0.8052325578125 0.1486928109375 0.7790697671875 0.1405228765625 0.7470930234375001 0.1486928109375 0.7412790703125001 0.1486928109375 0.7267441859375 0.14215686249999998 0.7267441859375 0.0588235296875 0.8110465109374999 0.1013071890625 0.8372093015625 0.135620915625 0.8052325578125
3 0.01484375 0.4984375 0.0296875 0.05859375
3 0.046875 0.51796875 0.05 0.05625
3 0.07265625 0.546875 0.02890625 0.05234375
3 0.98828125 0.54140625 0.0234375 0.06640625
3 0.9234375 0.565625 0.053125 0.09140625
3 0.78515625 0.428125 0.03359375 0.0375
3 0.77578125 0.3921875 0.02421875 0.04453125
3 0.80859375 0.509375 0.04609375 0.0546875
3 0.796875 0.46328125 0.0390625 0.04453125
3 0.67109375 0.34765625 0.02421875 0.03203125
3 0.39375 0.30390625 0.025 0.0359375
3 0.4203125 0.29765625 0.0265625 0.02578125
3 0.42421875 0.2359375 0.0296875 0.0328125
3 0.43046875 0.26484375 0.04453125 0.03671875
3 0.79921875 0.2671875 0.0265625 0.04296875
3 0.7421875 0.26015625 0.025 0.04453125
3 0.95078125 0.34140625 0.028125 0.05078125