3 0.8169934640625 0.915697675 0.759803921875 0.8575581390625 0.7385620921875 0.921511628125 0.792483659375 0.9796511625000001 0.8169934640625 0.915697675
3 0.9346405234375 0.4244186046875 0.937908496875 0.4389534890625 0.9591503265625001 0.4302325578125 0.9509803921875 0.40697674375000004 0.936274509375 0.3982558140625 0.9232026140625 0.41279069843749994 0.9248366015625 0.42151162812500004 0.9346405234375 0.4244186046875
3 0.76960784375 0.20058139531250002 0.8022875812500001 0.2063953484375 0.8071895421875 0.19767441875 0.8055555562500001 0.2122093015625 0.8169934640625 0.22383720937499998 0.83986928125 0.22093023281250002 0.8235294124999999 0.171511628125 0.812091503125 0.171511628125 0.7990196078125 0.17732558125 0.7908496734375 0.19767441875 0.76960784375 0.20058139531250002
3 0.67421875 0.90078125 0.04375 0.07109375
3 0.490625 0.83671875 0.053125 0.0703125
3 0.2765625 0.90234375 0.04375 0.0640625
3 0.2625 0.67890625 0.04765625 0.06484375
3 0.284375 0.75078125 0.0421875 0.065625
3 0.390625 0.6828125 0.04375 0.08203125
3 0.3953125 0.5765625 0.053125 0.0734375
3 0.32734375 0.40078125 0.05078125 0.053125
3 0.06171875 0.37421875 0.04140625 0.05703125
3 0.04453125 0.25546875 0.04453125 0.04140625
3 0.05625 0.1953125 0.0453125 0.0546875
3 0.0703125 0.06484375 0.03203125 0.04375
3 0.0796875 0.1375 0.02734375 0.0484375
3 0.09921875 0.03046875 0.0328125 0.03671875
3 0.103125 0.0796875 0.03125 0.02734375
3 0.18125 0.47578125 0.04453125 0.03203125
3 0.19140625 0.5109375 0.0359375 0.03671875
3 0.75 0.5765625 0.06953125 0.07265625
3 0.7734375 0.396875 0.04765625 0.06015625
3 0.81015625 0.49296875 0.03828125 0.06953125
3 0.64453125 0.64921875 0.0390625 0.05703125
3 0.60390625 0.7671875 0.03203125 0.0546875
3 0.546875 0.371875 0.04453125 0.08046875
3 0.65703125 0.2015625 0.0390625 0.04921875
3 0.69296875 0.221875 0.040625 0.05234375
3 0.70234375 0.26953125 0.040625 0.0546875
3 0.63046875 0.31796875 0.04140625 0.0421875
3 0.60625 0.28359375 0.04921875 0.04921875
3 0.60546875 0.54375 0.03359375 0.053125
3 0.6515625 0.49296875 0.0609375 0.0609375
3 0.55390625 0.6921875 0.04765625 0.0671875
3 0.49140625 0.7640625 0.0296875 0.05546875
3 0.5125 0.02734375 0.03125 0.04765625
3 0.54375 0.02109375 0.03125 0.0421875
3 0.48515625 0.06875 0.02734375 0.0390625
3 0.38828125 0.16328125 0.0328125 0.04375
3 0.50390625 0.16328125 0.05078125 0.05859375
3 0.60625 0.0828125 0.034375 0.040625
3 0.575 0.071875 0.0171875 0.034375
3 0.65390625 0.1109375 0.03203125 0.0515625
3 0.84296875 0.12890625 0.02890625 0.04140625
3 0.2890625 0.34296875 0.03515625 0.05625