3 0.19140625 0.9640625 0.0796875 0.071875
3 0.1078125 0.9765625 0.07265625 0.04609375
3 0.03671875 0.96796875 0.0453125 0.034375
3 0.02421875 0.76796875 0.0484375 0.04765625
3 0.025 0.70625 0.05 0.05390625
3 0.053125 0.64140625 0.040625 0.04140625
3 0.02734375 0.58125 0.05 0.05234375
3 0.0171875 0.4140625 0.034375 0.03125
3 0.0375 0.47734375 0.04296875 0.03828125
3 0.03046875 0.5171875 0.04375 0.03359375
3 0.03046875 0.54453125 0.034375 0.03359375
3 0.08046875 0.52890625 0.05625 0.03125
3 0.12109375 0.49921875 0.02421875 0.0328125
3 0.09453125 0.60078125 0.0359375 0.03125
3 0.0984375 0.63359375 0.04375 0.03671875
3 0.12578125 0.69921875 0.05390625 0.03359375
3 0.14453125 0.6140625 0.02578125 0.040625
3 0.165625 0.61796875 0.03203125 0.034375
3 0.15 0.57421875 0.03046875 0.046875
3 0.08828125 0.575 0.028125 0.03046875
3 0.1640625 0.50625 0.034375 0.03359375
3 0.14609375 0.48984375 0.03203125 0.03515625
3 0.171875 0.48828125 0.028125 0.034375
3 0.2015625 0.48203125 0.03125 0.02890625
3 0.196875 0.50625 0.0375 0.034375
3 0.225 0.50078125 0.03984375 0.0375
3 0.25625 0.48984375 0.034375 0.04140625
3 0.22890625 0.47578125 0.0296875 0.0359375
3 0.13515625 0.73125 0.0296875 0.040625
3 0.18125 0.7625 0.08515625 0.0515625
3 0.1734375 0.7171875 0.06953125 0.0578125
3 0.184375 0.5828125 0.03125 0.03515625
3 0.2234375 0.596875 0.02421875 0.02890625
3 0.2828125 0.56171875 0.04765625 0.03125
3 0.27109375 0.53671875 0.040625 0.03515625
3 0.240625 0.54140625 0.03671875 0.03359375
3 0.24609375 0.57265625 0.0375 0.0359375
3 0.21171875 0.57109375 0.02734375 0.03671875
3 0.303125 0.91328125 0.0609375 0.06484375
3 0.37421875 0.9453125 0.0484375 0.05390625
3 0.37109375 0.8875 0.0609375 0.06953125
3 0.296875 0.85 0.04375 0.05546875
3 0.27265625 0.7765625 0.0515625 0.0484375
3 0.325 0.7609375 0.05703125 0.0453125
3 0.34375 0.81484375 0.07734375 0.06484375
3 0.33515625 0.8421875 0.06640625 0.059375
3 0.24765625 0.6546875 0.0421875 0.0453125
3 0.2515625 0.62109375 0.0578125 0.04140625
3 0.2859375 0.60546875 0.05625 0.0484375
3 0.31171875 0.63125 0.0328125 0.046875
3 0.29140625 0.6359375 0.0421875 0.03203125
3 0.3015625 0.6640625 0.05 0.0359375
3 0.3109375 0.696875 0.05390625 0.0265625
3 0.31953125 0.72421875 0.065625 0.04453125
3 0.2796875 0.81484375 0.0671875 0.04609375
3 0.41953125 0.83203125 0.02265625 0.03984375
3 0.45859375 0.87890625 0.0203125 0.0375
3 0.50234375 0.915625 0.021875 0.02734375
3 0.51328125 0.94375 0.02734375 0.028125
3 0.51953125 0.96953125 0.028125 0.03046875
3 0.5984375 0.85 0.065625 0.05703125
3 0.50625 0.865625 0.109375 0.04765625
3 0.48671875 0.80078125 0.11875 0.09375
3 0.4203125 0.740625 0.0765625 0.15
3 0.4875 0.7109375 0.0703125 0.11953125
3 0.5359375 0.73359375 0.0765625 0.13125
3 0.55859375 0.70546875 0.07890625 0.1125
3 0.578125 0.67421875 0.05625 0.065625
3 0.615625 0.7234375 0.04453125 0.05234375
3 0.64375 0.79140625 0.09453125 0.0890625
3 0.784375 0.71015625 0.034375 0.040625
3 0.86640625 0.68984375 0.05859375 0.02578125
3 0.9453125 0.65859375 0.06171875 0.03046875
3 0.7837362265625 0.7501953718750001 0.752088528125 0.7783921265625 0.9249151781249999 0.9964878796875001 0.9966192093749999 0.9942589796875 0.7837362265625 0.7501953718750001
3 0.997733790625 0.9335216796875001 0.8301214281249999 0.7324084531249999 0.778906409375 0.7451803578125 0.9973623015624999 0.9898012234375001 0.997733790625 0.9335216796875001
3 0.99921991875 0.710075321875 0.8918974765625001 0.7623675140625 0.9130264359375 0.815947665625 0.99921991875 0.786972071875 0.99921991875 0.710075321875
3 0.8412689859375 0.7261379515625 0.8721588453125 0.7774993015625 0.9999629546875 0.7150903359375 0.99921991875 0.653795821875 0.8412689859375 0.7261379515625
3 0.4796875 0.621875 0.059375 0.03984375
3 0.4625 0.58046875 0.0359375 0.0296875
3 0.47734375 0.60078125 0.03828125 0.03359375
3 0.37421875 0.62109375 0.03203125 0.0296875
3 0.35625 0.596875 0.0421875 0.03515625
3 0.3953125 0.58046875 0.05390625 0.04140625
3 0.378125 0.56015625 0.04609375 0.028125
3 0.3234375 0.52109375 0.03828125 0.0375
3 0.41875 0.5171875 0.04375 0.059375
3 0.37109375 0.53671875 0.03046875 0.034375
3 0.353125 0.51953125 0.02734375 0.034375
3 0.38203125 0.51328125 0.04296875 0.03046875
3 0.34375 0.4328125 0.034375 0.0484375
3 0.44921875 0.45234375 0.0328125 0.0390625
3 0.403125 0.46171875 0.03125 0.03515625
3 0.37578125 0.46953125 0.02734375 0.03671875
3 0.37578125 0.4328125 0.02421875 0.03203125
3 0.30859375 0.46171875 0.03984375 0.02578125
3 0.45390625 0.4171875 0.03359375 0.034375
3 0.5 0.421875 0.03046875 0.02890625
3 0.4859375 0.403125 0.03203125 0.03203125
3 0.56171875 0.4109375 0.02265625 0.01796875
3 0.56015625 0.38125 0.0265625 0.02421875
3 0.53515625 0.34140625 0.034375 0.02421875
3 0.54921875 0.3578125 0.0359375 0.01953125
3 0.42734375 0.3796875 0.02265625 0.02421875
3 0.3953125 0.3390625 0.03125 0.03125
3 0.36171875 0.36484375 0.025 0.01171875
3 0.32421875 0.38125 0.0109375 0.01875
3 0.3234375 0.34375 0.04375 0.04921875
3 0.2625 0.39140625 0.02734375 0.02109375
3 0.23359375 0.3953125 0.028125 0.0296875
3 0.19296875 0.38984375 0.01953125 0.01875
3 0.20625 0.3484375 0.0578125 0.0234375
3 0.203125 0.33359375 0.028125 0.0234375
3 0.25078125 0.34296875 0.03203125 0.0203125
3 0.265625 0.32578125 0.0359375 0.01953125
3 0.25 0.30703125 0.0234375 0.01875
3 0.265625 0.30234375 0.02890625 0.028125
3 0.240625 0.29765625 0.025 0.0203125
3 0.21875 0.2984375 0.0234375 0.01875
3 0.19296875 0.28828125 0.025 0.01953125
3 0.16796875 0.2890625 0.02421875 0.01875
3 0.2140625 0.2859375 0.025 0.0171875
3 0.23828125 0.284375 0.02421875 0.01640625
3 0.259375 0.28046875 0.02265625 0.01796875
3 0.1453125 0.2921875 0.021875 0.01953125
3 0.12265625 0.29453125 0.025 0.01796875
3 0.1 0.2953125 0.025 0.01875
3 0.0953125 0.3125 0.02734375 0.01875
3 0.12109375 0.31484375 0.03125 0.03359375
3 0.03671875 0.33203125 0.0203125 0.02421875
3 0.084375 0.4 0.02265625 0.0125
3 0.04921875 0.275 0.0265625 0.021875
3 0.0234375 0.2875 0.03984375 0.01171875
3 0.10625 0.25390625 0.01796875 0.0359375
3 0.1234375 0.2453125 0.0171875 0.02109375
3 0.37578125 0.31015625 0.01640625 0.0140625
3 0.42578125 0.3015625 0.0203125 0.01796875
3 0.4703125 0.29375 0.06796875 0.02578125
3 0.4515625 0.35234375 0.0171875 0.02578125
3 0.4890625 0.37265625 0.028125 0.0203125
3 0.478125 0.36484375 0.02734375 0.01953125
3 0.45703125 0.3375 0.01796875 0.02265625
3 0.471875 0.3546875 0.02265625 0.01875
3 0.5390625 0.4140625 0.025 0.03359375
3 0.51640625 0.428125 0.0171875 0.021875
3 0.57265625 0.32734375 0.0328125 0.03125
3 0.60078125 0.33046875 0.03125 0.0265625
3 0.6140625 0.31484375 0.02890625 0.021875
3 0.62265625 0.328125 0.0203125 0.01953125
3 0.6375 0.32265625 0.0234375 0.0203125
3 0.65859375 0.30859375 0.021875 0.01640625
3 0.675 0.3171875 0.0203125 0.021875
3 0.5259145078125 0.3058953515625 0.6836833328125 0.2758151890625 0.663112671875 0.25532910625 0.5099024015625 0.278777034375 0.5259145078125 0.3058953515625
3 0.923405640625 0.3879859109375 0.9887658125 0.354202759375 0.9709927578125 0.3354444296875 0.89233055 0.36975243281250003 0.923405640625 0.3879859109375
3 0.9472953546875 0.3233502296875 0.8717647124999999 0.3509525765625 0.8867353281250001 0.36975243281250003 0.9658912359375 0.34013400312500003 0.9472953546875 0.3233502296875
3 0.9766334078125001 0.3678039703125 0.9671318281250001 0.36845174062499997 0.999715746875 0.3884441953125 1 0.3575916453125 0.9906646562500001 0.356110728125 0.9766334078125001 0.3678039703125
3 0.9630176968749999 0.36351533593749996 0.9338984203124999 0.3867514671875 0.9992220578125 0.42867587343749997 0.9992220578125 0.38548233125000003 0.9630176968749999 0.36351533593749996
3 0.7478236046875 0.2640592796875 0.7165387796875 0.276783921875 0.8053087640625 0.330915465625 0.8098630328124999 0.33841873125 0.857055403125 0.3209223875 0.7478236046875 0.2640592796875
3 0.7654504281250001 0.2440848421875 0.7439419593750001 0.2590400640625 0.8606658625 0.325688915625 0.892173003125 0.305079721875 0.7654504281250001 0.2440848421875
3 0.852199521875 0.21232981875 0.7750031671875 0.2423815390625 0.7828005234375001 0.2577116734375 0.863858565625 0.222322153125 0.852199521875 0.21232981875
3 0.80519674375 0.2671090375 0.8778771515624999 0.23189814531250003 0.8610826062499999 0.2200322453125 0.7864092687500001 0.2556299375 0.80519674375 0.2671090375
3 0.8335373593750001 0.250217425 0.8166494796875 0.2637252734375 0.898911225 0.3066324828125 0.9327779265625 0.2964319703125 0.8335373593750001 0.250217425
3 0.860186571875 0.2396005640625 0.8456283718750001 0.251751959375 0.9318063453125 0.2989300640625 0.9592883531249999 0.2820680015625 0.860186571875 0.2396005640625
3 0.8842726031250001 0.22814956562500002 0.8732190546874999 0.238477196875 0.8699763859375 0.24334624843750002 0.9785164140625 0.2906016703125 0.9982869453125 0.2749886453125 0.8842726031250001 0.22814956562500002
3 0.9391416140625 0.2089903578125 0.9205917343750001 0.222599540625 0.9984083546875 0.252915003125 0.9991023453125001 0.23459571562499998 0.9391416140625 0.2089903578125
3 0.978028940625 0.209324778125 0.9707875625 0.1969162796875 0.89528145 0.210031225 0.90513610625 0.22335433437500002 0.978028940625 0.209324778125
3 0.881548315625 0.20620130468750003 0.8886191421875 0.2158600859375 0.9617656921875 0.19962254375 0.950661853125 0.19275280625 0.881548315625 0.20620130468750003
3 0.9714501625 0.20420235781249998 0.9573793109375 0.21374969843749997 0.9990709671875001 0.2358447546875 0.9993485578125 0.2162764359375 0.9714501625 0.20420235781249998
3 0.390625 0.28125 0.203125 0.04296875
3 0.54921875 0.23359375 0.02265625 0.02421875
3 0.44453125 0.24140625 0.02734375 0.02109375
3 0.49296875 0.203125 0.04453125 0.02421875
3 0.4640625 0.2109375 0.04453125 0.04296875