3 0.877693965625 0.57866379375 0.8642241374999999 0.59231321875 0.8653017234375 0.6203304593750001 0.867456896875 0.6239224140624999 0.8852370687500001 0.6260775859375001 0.898168103125 0.6214080453124999 0.9046336203124999 0.621767240625 0.9148706890625 0.625 0.9175646546875 0.6329022984375 0.9310344828125 0.633979884375 0.9331896546875 0.6354166671875 0.93696120625 0.63326149375 0.9498922406249999 0.63038793125 0.9585129312499999 0.6260775859375001 0.9585129312499999 0.62356321875 0.961206896875 0.6214080453124999 0.9622844828125 0.5994971265625 0.9644396546875 0.596982759375 0.9676724140624999 0.5962643671875 0.9676724140624999 0.594468390625 0.955280171875 0.5779454015625001 0.940193965625 0.57758620625 0.9331896546875 0.5750718390625 0.9315732765625 0.57758620625 0.9283405171875 0.5779454015625001 0.877693965625 0.57866379375
3 0.5091594828125 0.516882184375 0.4913793109375 0.5240660921875 0.4908405171875 0.5262212640625 0.49461206874999997 0.5283764375 0.4956896546875 0.5316091953125001 0.5091594828125 0.531968390625 0.5134698281250001 0.5341235625 0.5199353453125 0.534482759375 0.5226293109375 0.53663793125 0.523168103125 0.544899425 0.543642240625 0.54633620625 0.575431034375 0.5596264375 0.574892240625 0.5560344828125 0.570581896875 0.553520115625 0.5668103453125 0.548132184375 0.5695043109375 0.54633620625 0.575431034375 0.5459770109375001 0.5851293109375 0.548132184375 0.5899784484375 0.5438218390625 0.5921336203124999 0.5330459765625 0.596443965625 0.5283764375 0.580818965625 0.519755746875 0.57758620625 0.5122126437500001 0.5732758625 0.512931034375 0.57273706875 0.5154454015625001 0.5695043109375 0.5154454015625001 0.5603448281250001 0.5104166671875 0.554956896875 0.5104166671875 0.5220905171875 0.514367815625 0.5118534484375 0.514367815625 0.5091594828125 0.516882184375
3 0.408405171875 0.54741379375 0.413793103125 0.548132184375 0.42025862031249994 0.5520833328125 0.413793103125 0.553520115625 0.4148706890625 0.56106321875 0.42349137968750006 0.5635775859375001 0.44719827656250005 0.5625 0.45474137968750006 0.5581896546875 0.4886853453125 0.55423850625 0.4881465515625 0.552442528125 0.484375 0.5531609203125 0.48383620625 0.5520833328125 0.4881465515625 0.551005746875 0.491918103125 0.5477729890624999 0.5 0.5459770109375001 0.5021551718749999 0.5416666671875 0.49461206874999997 0.5420258625 0.492456896875 0.540229884375 0.49407327656250005 0.5283764375 0.4757543109375 0.5179597703125001 0.46928879375 0.5172413796875001 0.4288793109375 0.5215517234375 0.40786637968750006 0.530531609375 0.408405171875 0.54741379375
3 0.24461206875000002 0.5165229890624999 0.283943965625 0.5165229890624999 0.2877155171875 0.517600575 0.28340517187500003 0.5201149421875 0.28340517187500003 0.5226293109375 0.2855603453125 0.523706896875 0.2904094828125 0.523706896875 0.294181034375 0.521192528125 0.304418103125 0.5233477015625 0.304956896875 0.517600575 0.29633620625 0.5179597703125001 0.293642240625 0.516882184375 0.31034482812499997 0.5147270109375001 0.29795258593749996 0.5111350578125 0.26454741406250004 0.5064655171875 0.24084051718750002 0.511494253125 0.23491379375000002 0.5140086203124999 0.24461206875000002 0.5165229890624999
3 0.393857759375 0.4507902296875 0.38523706875 0.45150862031249994 0.3809267234375 0.45581896562499996 0.3863146546875 0.4662356328125 0.3868534484375 0.4895833328125 0.387392240625 0.49102011562500003 0.41594827656250005 0.4935344828125 0.42133620625 0.49173850625000004 0.4229525859375 0.4931752875 0.42456896562499996 0.49066092031249997 0.4310344828125 0.489942528125 0.4304956890625 0.48491379375 0.434267240625 0.47772988437499997 0.43588362031249994 0.46587643749999996 0.43480603437500004 0.44683907968750003 0.4304956890625 0.4385775859375 0.4261853453125 0.4392959765625 0.4256465515625 0.44360632187500004 0.42241379375 0.44647988437499997 0.42241379375 0.4432471265625 0.41594827656250005 0.4375 0.4073275859375 0.4339080453125 0.40086206874999997 0.43606321875000004 0.393318965625 0.4425287359375 0.393857759375 0.4507902296875
3 0.34321120625 0.47593390781249995 0.346982759375 0.48024425312499996 0.3529094828125 0.48024425312499996 0.3550646546875 0.47808907968750003 0.362607759375 0.47808907968750003 0.3642241375 0.4766522984375 0.3663793109375 0.4561781609375 0.3577586203125 0.4529454015625 0.3523706890625 0.455100575 0.3507543109375 0.46839080468749994 0.34321120625 0.47593390781249995
3 0.5802801718749999 0.42528735624999997 0.586206896875 0.434267240625 0.6109913796875001 0.43354885000000004 0.6029094828125 0.42528735624999997 0.5802801718749999 0.42528735624999997
3 0.5538793109375 0.4256465515625 0.5226293109375 0.4256465515625 0.5215517234375 0.4400143671875 0.5269396546875 0.44145114999999996 0.5603448281250001 0.4410919546875 0.5646551718749999 0.4288793109375 0.5662715515625 0.42852011562500003 0.5689655171875 0.43283045937500003 0.57273706875 0.4317528734375 0.5743534484375 0.42349137968750006 0.56788793125 0.423132184375 0.56788793125 0.42456896562499996 0.5603448281250001 0.4242097703125 0.5538793109375 0.4256465515625
3 0.533943965625 0.4601293109375 0.5382543109375 0.4601293109375 0.5431034484375 0.4561781609375 0.5479525859375001 0.455100575 0.5560344828125 0.45725574687500004 0.55711206875 0.4507902296875 0.544181034375 0.447557471875 0.5301724140624999 0.4461206890625 0.52586206875 0.44971264375000003 0.5301724140624999 0.4576149421875 0.533943965625 0.4601293109375
3 0.5328663796875001 0.42097701093750006 0.55711206875 0.423132184375 0.5738146546875 0.423132184375 0.580818965625 0.4216954015625 0.580818965625 0.4195402296875 0.578125 0.4181034484375 0.56303879375 0.413793103125 0.538793103125 0.41774425312499996 0.5334051718749999 0.41918103437500004 0.5328663796875001 0.42097701093750006
3 0.8546875 0.40859375 0.04609375 0.01796875
3 0.85390625 0.490625 0.0375 0.03359375
3 0.9875 0.5609375 0.025 0.040625
3 0.55703125 0.60546875 0.12109375 0.0390625
3 0.3171875 0.55859375 0.0734375 0.034375
3 0.3765625 0.56484375 0.05703125 0.0265625
3 0.221875 0.58203125 0.2484375 0.02265625
3 0.15234375 0.571875 0.16328125 0.0234375
3 0.20703125 0.74609375 0.14140625 0.0640625
3 0.41640625 0.76171875 0.13046875 0.05390625
3 0.5375 0.77109375 0.08359375 0.0375
3 0.4875 0.8109375 0.096875 0.034375
3 0.70234375 0.83984375 0.0484375 0.0359375
3 0.8859375 0.8609375 0.134375 0.06640625
3 0.28515625 0.98359375 0.11484375 0.03203125
3 0.36953125 0.95234375 0.10078125 0.04375
3 0.18984375 0.9515625 0.15390625 0.07109375
3 0.14296875 0.896875 0.16015625 0.06796875
3 0.9484375 0.7375 0.05390625 0.021875
3 0.925 0.73203125 0.08984375 0.02421875
3 0.92734375 0.69609375 0.0703125 0.0265625
3 0.82265625 0.62578125 0.03515625 0.01640625