3 0.58046875 0.6703125 0.09375 0.08515625
3 0.55 0.7375 0.05234375 0.0546875
3 0.54765625 0.8171875 0.04375 0.0640625
3 0.625 0.85546875 0.02734375 0.09765625
3 0.59921875 0.9234375 0.046875 0.09453125
3 0.6296875 0.97734375 0.0609375 0.0453125
3 0.55546875 0.97890625 0.0859375 0.0421875
3 0.4515625 0.93828125 0.07109375 0.04765625
3 0.4359375 0.80703125 0.0546875 0.09296875
3 0.48046875 0.8015625 0.06015625 0.0640625
3 0.48046875 0.72734375 0.03984375 0.03828125
3 0.5015625 0.746875 0.00703125 0.003125
3 0.42734375 0.72109375 0.06875 0.0703125
3 0.465625 0.48671875 0.07265625 0.071875
3 0.2359375 0.525 0.08984375 0.10078125
3 0.2046875 0.56953125 0.06796875 0.0671875
3 0.29296875 0.39375 0.03671875 0.11015625
3 0.59140625 0.43359375 0.0875 0.10390625
3 0.92265625 0.38046875 0.07109375 0.0796875
3 0.5453125 0.1484375 0.0421875 0.121875
3 0.57265625 0.15390625 0.03984375 0.11328125
3 0.5625 0.30703125 0.053125 0.11640625
3 0.603125 0.26796875 0.028125 0.11484375
3 0.48125 0.31328125 0.0609375 0.0796875
3 0.453125 0.28671875 0.075 0.0828125
3 0.37265625 0.30859375 0.05546875 0.0671875
3 0.3359375 0.30078125 0.05546875 0.09140625
3 0.29921875 0.18125 0.059375 0.10859375
3 0.25390625 0.1609375 0.03515625 0.075
3 0.38125 0.1734375 0.0578125 0.08359375
3 0.45234375 0.196875 0.07421875 0.0796875
3 0.4359375 0.0921875 0.09296875 0.09609375
3 0.34609375 0.059375 0.05859375 0.08828125
3 0.30703125 0.0609375 0.0625 0.09765625
3 0.471875 0.04296875 0.08984375 0.08515625
3 0.6234375 0.04921875 0.053125 0.0984375
3 0.5375 0.01640625 0.03203125 0.03203125
3 0.56875 0.04921875 0.05 0.0984375
3 0.4671875 0.8796875 0.05703125 0.0796875
3 0.55703125 0.89296875 0.05390625 0.09765625
3 0.59921875 0.81796875 0.08359375 0.10234375
3 0.61953125 0.74453125 0.053125 0.05
3 0.40234375 0.50546875 0.09140625 0.08515625
3 0.43203125 0.4078125 0.1546875 0.0796875
3 0.38984375 0.35703125 0.084375 0.09140625