3 0.040625 0.64921875 0.0546875 0.04296875
3 0.065625 0.5921875 0.04453125 0.05625
3 0.1203125 0.56953125 0.08515625 0.04921875
3 0.14765625 0.53125 0.15390625 0.0984375
3 0.1953125 0.48671875 0.0828125 0.07109375
3 0.20703125 0.465625 0.10625 0.08046875
3 0.2640625 0.43984375 0.08125 0.0703125
3 0.58828125 0.453125 0.09453125 0.07578125
3 0.34453125 0.89296875 0.18515625 0.1609375
3 0.2609375 0.7328125 0.26640625 0.159375
3 0.2921875 0.6171875 0.078125 0.065625
3 0.35 0.575 0.07734375 0.04296875
3 0.27890625 0.56484375 0.0625 0.0703125
3 0.9625 0.56875 0.075 0.0859375
3 0.49453125 0.36484375 0.0578125 0.05625
3 0.55625 0.375 0.05234375 0.05390625
3 0.5828125 0.4109375 0.046875 0.059375
3 0.65234375 0.478125 0.10703125 0.09765625
3 0.690625 0.3984375 0.04375 0.0609375
3 0.87578125 0.47265625 0.0546875 0.0671875
3 0.94453125 0.475 0.06328125 0.059375
3 0.7890625 0.39609375 0.06953125 0.04453125
3 0.86796875 0.353125 0.13046875 0.090625