3 0.2953125 0.6046875 0.15 0.25234375
3 0.190625 0.3765625 0.09453125 0.20390625
3 0.38828125 0.3203125 0.09453125 0.1953125
3 0.4796875 0.309375 0.11171875 0.2125
3 0.57421875 0.32265625 0.1078125 0.19296875
3 0.64375 0.29453125 0.134375 0.159375
3 0.74375 0.57890625 0.05703125 0.07578125
3 0.77734375 0.56796875 0.0390625 0.0609375
3 0.81953125 0.5171875 0.08359375 0.09453125
3 0.8640625 0.4875 0.084375 0.08046875
3 0.9515625 0.4953125 0.07890625 0.090625
3 0.44296875 0.08671875 0.0640625 0.05390625
3 0.39921875 0.0375 0.05625 0.07421875
3 0.6796875 0.05625 0.0578125 0.0734375
3 0.8171875 0.2666666671875 0.821875 0.275 0.8765625 0.3138888890625 0.9234375 0.2916666671875 0.9359375 0.20277777812500003 0.9328125 0.1916666671875 0.8109375 0.1361111109375 0.784375 0.177777778125 0.821875 0.2138888890625 0.8171875 0.2666666671875
3 0.7609375 0.21796875 0.11015625 0.12890625
3 0.7125 0.259375 0.12578125 0.16796875
3 0.91953125 0.19453125 0.13671875 0.1578125
3 0.37890625 0.6453125 0.04765625 0.09140625