3 0.55 0.928125 0.09609375 0.08515625
3 0.44375 0.81953125 0.09375 0.10234375
3 0.58046875 0.68671875 0.08203125 0.10078125
3 0.4515625 0.63515625 0.09296875 0.09375
3 0.49609375 0.55078125 0.0578125 0.0609375
3 0.66796875 0.5296875 0.05390625 0.05703125
3 0.14921875 0.6453125 0.0546875 0.065625
3 0.153125 0.55234375 0.04453125 0.078125
3 0.15859375 0.87109375 0.0640625 0.09921875
3 0.0484375 0.9640625 0.059375 0.071875
3 0.01484375 0.76875 0.0296875 0.096875
3 0.06015625 0.76640625 0.05390625 0.08359375
3 0.03828125 0.63125 0.07578125 0.07109375
3 0.69921875 0.70078125 0.05703125 0.09921875
3 0.7140625 0.77578125 0.0484375 0.096875
3 0.8328125 0.6859375 0.04296875 0.078125
3 0.73671875 0.51796875 0.04921875 0.06640625
3 0.77109375 0.55390625 0.059375 0.07109375
3 0.796875 0.63203125 0.046875 0.0625
3 0.7453125 0.653125 0.0328125 0.05859375
3 0.76015625 0.71484375 0.04375 0.096875
3 0.80078125 0.70859375 0.05234375 0.08125
3 0.8984375 0.76015625 0.04296875 0.0796875
3 0.73671875 0.91171875 0.06953125 0.075
3 0.81171875 0.93125 0.04921875 0.09765625
3 0.85625 0.92109375 0.06171875 0.1296875
3 0.38671875 0.4734375 0.0578125 0.0765625
3 0.2484375 0.35 0.040625 0.08671875
3 0.2140625 0.38125 0.03359375 0.05234375
3 0.171875 0.40390625 0.04375 0.0640625
3 0.328125 0.46796875 0.03515625 0.0640625
3 0.6546875 0.30390625 0.025 0.0625
3 0.5828125 0.3515625 0.06875 0.0609375
3 0.3546875 0.353125 0.04765625 0.07109375
3 0.31484375 0.34921875 0.028125 0.09765625
3 0.284375 0.3609375 0.040625 0.08515625
3 0.33984375 0.41796875 0.053125 0.06484375
3 0.1265625 0.2765625 0.0546875 0.05703125
3 0.15234375 0.30625 0.05703125 0.06171875
3 0.67421875 0.58828125 0.05078125 0.05078125
3 0.6859375 0.64140625 0.05625 0.0578125
3 0.78828125 0.82109375 0.0515625 0.084375
3 0.82265625 0.80078125 0.04296875 0.0734375
3 0.8640625 0.79296875 0.0578125 0.1078125
3 0.54375 0.21171875 0.10625 0.1109375
3 0.64609375 0.23515625 0.05390625 0.06875
3 0.68984375 0.0921875 0.04140625 0.0578125
3 0.67890625 0.1625 0.04765625 0.10078125
3 0.27109375 0.0640625 0.04453125 0.090625